1 2.98605e-08 -1.86265e-09 -5.96046e-08 1.16415e-10 1 0 0 0 1.86265e-09 1 -5.96046e-08
0.999997 -0.0020593 -0.00117325 0.858272 0.00205996 0.999998 0.000509324 0.0437556 0.0011722 -0.000511745 0.999999 0.0213111
0.999989 -0.00411759 -0.00234848 1.71653 0.00412 0.999991 0.00101374 0.0875081 0.00234428 -0.00102341 0.999997 0.0426205
0.999975 -0.00617433 -0.00352542 2.57459 0.00617974 0.99998 0.00151313 0.131249 0.003516 -0.00153488 0.999993 0.0639237
0.999955 -0.00823044 -0.00470461 3.43286 0.00824006 0.999964 0.00200772 0.174998 0.00468791 -0.00204639 0.999987 0.0852306
0.99993 -0.0102854 -0.00588568 4.29108 0.0103002 0.999944 0.00249735 0.218743 0.00585965 -0.00255781 0.99998 0.106535
0.999899 -0.0123387 -0.00706843 5.14912 0.01236 0.999919 0.00298196 0.262477 0.00703105 -0.00306902 0.999971 0.127834
0.999862 -0.014391 -0.00825312 6.0072 0.01442 0.99989 0.00346165 0.30621 0.0082024 -0.00358018 0.99996 0.149131
0.99982 -0.0164424 -0.00943991 6.86541 0.0164803 0.999857 0.00393648 0.349948 0.00937382 -0.00409134 0.999948 0.170432
0.999773 -0.0184933 -0.0106289 7.72384 0.018541 0.999819 0.00440647 0.393695 0.0105454 -0.00460254 0.999934 0.191735
0.999719 -0.0205425 -0.0118194 8.58207 0.0206013 0.999776 0.0048714 0.43743 0.0117167 -0.00511353 0.999918 0.213033
0.99966 -0.0225901 -0.0130115 9.44008 0.0226611 0.999729 0.00533125 0.481152 0.0128875 -0.00562429 0.999901 0.234324
0.999595 -0.0246368 -0.0142056 10.2983 0.0247211 0.999678 0.00578624 0.52488 0.0140585 -0.00613508 0.999882 0.255618
0.999525 -0.0266825 -0.0154016 11.1565 0.0267812 0.999622 0.00623625 0.568607 0.0152294 -0.00664577 0.999862 0.276911
0.999471 -0.0285968 -0.0154902 12.0117 0.0286788 0.999576 0.00509055 0.611353 0.0153381 -0.0055321 0.999867 0.297028
0.999369 -0.030763 -0.0177455 12.8723 0.0308922 0.999498 0.00704563 0.655986 0.0175199 -0.00758938 0.999818 0.319426
0.999267 -0.0323957 -0.02042 13.7408 0.032562 0.999439 0.00786204 0.702137 0.0201538 -0.00852118 0.999761 0.34189
0.999159 -0.0343034 -0.0224492 14.6198 0.0345663 0.999337 0.0114222 0.754392 0.0220425 -0.0121886 0.999683 0.365857
0.999114 -0.0356784 -0.0223376 15.5092 0.0359693 0.999272 0.0127547 0.80422 0.0218662 -0.0135469 0.999669 0.389951
0.99909 -0.0372948 -0.0206956 16.4077 0.0375591 0.999216 0.0125312 0.854741 0.020212 -0.0132971 0.999707 0.415313
0.999061 -0.0388199 -0.0192685 17.3126 0.0390692 0.999156 0.0127333 0.902378 0.0187579 -0.0134741 0.999733 0.43953
0.999024 -0.0400203 -0.0187152 18.2226 0.0402541 0.999114 0.0122855 0.953766 0.018207 -0.0130269 0.999749 0.462152
0.998941 -0.0417276 -0.0193776 19.1362 0.0419724 0.999042 0.0123932 1.00306 0.0188419 -0.0131934 0.999736 0.484734
0.998872 -0.0428474 -0.0204709 20.0529 0.0430754 0.999013 0.0108221 1.05308 0.019987 -0.0116917 0.999732 0.507675
0.998863 -0.043679 -0.0190843 20.9786 0.0438838 0.998982 0.0104441 1.10241 0.0186087 -0.0112697 0.999763 0.53047
0.998927 -0.0437283 -0.0152627 21.9116 0.0439147 0.998962 0.012092 1.15608 0.0147181 -0.0127492 0.99981 0.556012
0.999008 -0.0430109 -0.0115652 22.8483 0.04316 0.998984 0.0129618 1.20786 0.0109959 -0.0134481 0.999849 0.582287
0.999094 -0.0416342 -0.00883202 23.7899 0.0417394 0.999056 0.0120627 1.25646 0.00832146 -0.0124204 0.999888 0.603942
0.999162 -0.0402115 -0.00768765 24.7348 0.0403012 0.999117 0.0118801 1.30498 0.00720314 -0.01218 0.9999 0.621544
0.99919 -0.0389908 -0.00997338 25.6819 0.0391105 0.999162 0.0120979 1.353 0.00949331 -0.0124782 0.999877 0.637986
0.999164 -0.0379756 -0.0151293 26.6338 0.0381739 0.999186 0.0130338 1.40142 0.014622 -0.0136004 0.999801 0.655908
0.99915 -0.036742 -0.018717 27.5919 0.036979 0.999238 0.0124731 1.44765 0.0182444 -0.0131546 0.999747 0.675518
0.999194 -0.0360109 -0.0177407 28.5595 0.0361945 0.999294 0.0101349 1.49177 0.0173632 -0.0107689 0.999791 0.698263
0.999259 -0.0362797 -0.0128787 29.535 0.0363891 0.999303 0.0083538 1.53634 0.0125666 -0.00881625 0.999882 0.720283
0.99927 -0.0372041 -0.00865545 30.5142 0.0372501 0.999293 0.00520439 1.58093 0.0084557 -0.00552301 0.999949 0.741756
0.999232 -0.0382644 -0.00843099 31.4928 0.0382452 0.999266 -0.00244185 1.61751 0.00851823 0.00211753 0.999962 0.758791
0.99913 -0.0398584 -0.0122349 32.4721 0.0397944 0.999193 -0.00544426 1.66107 0.012442 0.00495265 0.99991 0.773503
0.999005 -0.0413766 -0.0166489 33.4556 0.0413006 0.999135 -0.00489267 1.71205 0.016837 0.00420019 0.99985 0.79231
0.998897 -0.0432824 -0.0182146 34.4637 0.0432111 0.999057 -0.00429544 1.76724 0.0183833 0.00350362 0.999825 0.824404
0.998886 -0.0443603 -0.0160649 35.5193 0.0442964 0.999009 -0.00431397 1.82751 0.0162403 0.00359755 0.999862 0.881254
0.998884 -0.0453788 -0.0131025 36.5627 0.0453678 0.99897 -0.00114583 1.89136 0.013141 0.000550125 0.999914 0.929989
0.998838 -0.046659 -0.0120328 37.6053 0.0466526 0.998911 -0.000814326 1.95354 0.0120577 0.000252018 0.999927 0.976926
0.998814 -0.0476855 -0.00987081 38.6384 0.0476879 0.998862 -7.1805e-06 2.01428 0.00985991 -0.000463543 0.999951 1.01451
0.998838 -0.0478061 -0.00603011 39.6745 0.047804 0.998857 -0.000515733 2.07597 0.00604786 0.000226872 0.999982 1.0518
0.998824 -0.0482702 -0.00460476 40.6965 0.048294 0.99882 0.00519381 2.14665 0.00434862 -0.00541008 0.999976 1.07825
0.998827 -0.0482302 -0.00423314 41.7185 0.0482556 0.998817 0.00607913 2.21379 0.00393493 -0.00627627 0.999973 1.10439
0.998812 -0.0483654 -0.0058811 42.7292 0.0483993 0.998812 0.00573838 2.27626 0.00559656 -0.00601621 0.999966 1.12487
0.998803 -0.0481298 -0.00874021 43.7344 0.0481999 0.998806 0.00798362 2.344 0.00834551 -0.00839535 0.99993 1.14971
0.998757 -0.0490166 -0.00905544 44.7349 0.0490894 0.998763 0.0079849 2.40528 0.00865284 -0.00841949 0.999927 1.17867
0.998704 -0.050356 -0.00744894 45.7349 0.0504011 0.998711 0.00598761 2.46355 0.00713782 -0.00635528 0.999954 1.20524
0.998666 -0.0512287 -0.00649706 46.7299 0.0512692 0.998666 0.00621269 2.52746 0.00617012 -0.0065375 0.99996 1.23388
0.998636 -0.0514997 -0.00857053 47.7156 0.0515757 0.99863 0.00889001 2.59619 0.00810095 -0.00931992 0.999924 1.26049
0.998543 -0.0521711 -0.0138013 48.6939 0.0523027 0.998588 0.00935032 2.66358 0.013294 -0.0100585 0.999861 1.28452
0.998501 -0.0526435 -0.0149837 49.6747 0.052793 0.998558 0.00975718 2.72744 0.0144484 -0.0105336 0.99984 1.30812
0.998525 -0.0529857 -0.0118837 50.6565 0.0530996 0.998544 0.00947889 2.7891 0.0113641 -0.0100959 0.999885 1.33907
0.998539 -0.0533339 -0.00870285 51.6325 0.0533942 0.99855 0.00683315 2.84936 0.00832579 -0.00728785 0.999939 1.36467
0.998532 -0.0536323 -0.00760749 52.6034 0.053675 0.998543 0.00552249 2.91066 0.00730021 -0.00592272 0.999956 1.38863
0.998518 -0.0538025 -0.0082334 53.566 0.053825 0.998547 0.0025368 2.96919 0.00808494 -0.0029762 0.999963 1.4094
0.998474 -0.054358 -0.0097867 54.53 0.0543523 0.998522 -0.000859123 3.02345 0.00981893 0.000325881 0.999952 1.42949
0.998416 -0.055535 -0.00900331 55.4884 0.0555154 0.998455 -0.00241256 3.08204 0.00912338 0.00190891 0.999957 1.44971
0.998384 -0.0566356 -0.00459539 56.4512 0.056612 0.998383 -0.00513323 3.13973 0.00487868 0.00486479 0.999976 1.46774
0.998363 -0.0571854 0.000932226 57.4126 0.0571905 0.99834 -0.0068076 3.20367 -0.000541389 0.00684977 0.999977 1.48095
0.998328 -0.0577225 0.00316167 58.3645 0.0577392 0.998317 -0.00541157 3.27308 -0.00284398 0.00558508 0.999981 1.49338
0.998245 -0.0592233 0.000656575 59.3055 0.0592256 0.998237 -0.00393896 3.33784 -0.000422148 0.00397093 0.999992 1.50757
0.998128 -0.0607058 -0.00747232 60.2304 0.0606868 0.998153 -0.00275523 3.39775 0.00762577 0.0022966 0.999968 1.52135
0.997997 -0.0617856 -0.013565 61.1463 0.0617626 0.998089 -0.00210376 3.45603 0.013669 0.00126174 0.999906 1.53988
0.997926 -0.06302 -0.0131099 62.057 0.0630643 0.998005 0.00299174 3.5258 0.0128952 -0.00381229 0.99991 1.56218
0.997901 -0.0638935 -0.0105528 62.956 0.0639632 0.997932 0.00639089 3.5912 0.0101226 -0.00705247 0.999924 1.5897
0.99783 -0.0652473 -0.00885431 63.8401 0.065329 0.997821 0.0092711 3.65711 0.00823009 -0.00982942 0.999918 1.61696
0.99774 -0.0664771 -0.00974042 64.7088 0.0665685 0.997738 0.00937126 3.71986 0.00909541 -0.00999849 0.999909 1.63851
0.997638 -0.068092 -0.00906486 65.5649 0.0681883 0.997614 0.0107759 3.78522 0.00830948 -0.0113685 0.999901 1.65978
0.99754 -0.0695883 -0.0085064 66.4074 0.0696881 0.997496 0.0120566 3.8501 0.0076461 -0.0126197 0.999891 1.68283
0.997433 -0.071203 -0.00753925 67.2374 0.0712899 0.997384 0.0119486 3.91291 0.00666875 -0.0124554 0.9999 1.70446
0.997333 -0.072668 -0.00683311 68.0555 0.0727432 0.997285 0.0114617 3.97489 0.00598165 -0.0119281 0.999911 1.72351
0.997242 -0.0740685 -0.00474245 68.8592 0.0741274 0.997154 0.0137327 4.04039 0.00371178 -0.0140464 0.999895 1.74248
0.997163 -0.0752733 -0.000388 69.6544 0.0752703 0.997041 0.0156214 4.10679 -0.000789028 -0.0156063 0.999878 1.75959
0.997019 -0.07715 0.00144833 70.4319 0.0771114 0.996859 0.0180753 4.1676 -0.00283829 -0.0179097 0.999836 1.77992
0.996897 -0.0786861 -0.00212291 71.1847 0.0787136 0.996675 0.0210531 4.23436 0.000459259 -0.0211548 0.999776 1.79999
0.99676 -0.079868 -0.00953151 71.9162 0.0800595 0.996553 0.0217514 4.2974 0.0077614 -0.022444 0.999718 1.81995
0.996572 -0.0813353 -0.0151211 72.6288 0.081639 0.996448 0.0206851 4.35903 0.0133849 -0.0218487 0.999672 1.83645
0.996493 -0.0818022 -0.017596 73.3251 0.0821693 0.996392 0.0212574 4.42194 0.0157936 -0.0226287 0.999619 1.85681
0.99648 -0.0825444 -0.0146647 74.0022 0.0828756 0.99628 0.0236287 4.48604 0.0126597 -0.0247609 0.999613 1.88303
0.996413 -0.0838384 -0.0115299 74.6583 0.0841026 0.99615 0.024747 4.54537 0.00941074 -0.0256279 0.999627 1.91447
0.996269 -0.085163 -0.0139764 75.2909 0.0854562 0.996101 0.0219216 4.59779 0.012055 -0.0230341 0.999662 1.94001
0.996186 -0.0853535 -0.0181376 75.9042 0.0856144 0.996228 0.0141274 4.64148 0.0168634 -0.0156264 0.999736 1.9628
0.996147 -0.08453 -0.0233716 76.4982 0.0847747 0.996353 0.00968076 4.68796 0.0224681 -0.0116248 0.99968 1.9879
0.996359 -0.0817019 -0.0243483 77.0801 0.0819864 0.996574 0.0109208 4.73988 0.0233726 -0.0128773 0.999644 2.01266
0.996735 -0.0777851 -0.0216756 77.6504 0.0781535 0.996802 0.0166961 4.7938 0.0203075 -0.0183356 0.999626 2.03897
0.997139 -0.0733207 -0.0183976 78.2058 0.0736108 0.997165 0.0156182 4.83424 0.0172003 -0.0169278 0.999709 2.06183
0.997568 -0.0682495 -0.0141188 78.7496 0.0684119 0.997593 0.0113559 4.86072 0.0133098 -0.0122942 0.999836 2.08599
0.998122 -0.0605056 -0.00956282 79.2803 0.0605773 0.998136 0.00738545 4.88481 0.00909813 -0.00795087 0.999927 2.11047
0.998688 -0.0502441 -0.00989287 79.7931 0.0503402 0.998685 0.00971486 4.91117 0.00939174 -0.0102001 0.999904 2.12989
0.99931 -0.0356569 -0.0103581 80.2941 0.0358128 0.999242 0.0152772 4.94149 0.00980546 -0.0156376 0.99983 2.14772
0.999796 -0.0177473 -0.00962589 80.7826 0.0179407 0.999632 0.0203782 4.95874 0.00926068 -0.0205467 0.999746 2.1641
0.999955 0.00350751 -0.00878005 81.2571 -0.00333523 0.999803 0.0195541 4.95326 0.0088469 -0.0195239 0.99977 2.17803
0.999555 0.028885 -0.00741798 81.7187 -0.0287621 0.999456 0.0161651 4.92967 0.00788087 -0.0159445 0.999842 2.19377
0.998329 0.0575298 -0.00550392 82.1714 -0.0574436 0.998241 0.0147052 4.89368 0.00634022 -0.0143644 0.999877 2.2088
0.995967 0.0896526 -0.00348111 82.6172 -0.0895941 0.995875 0.0143338 4.84484 0.0047518 -0.0139641 0.999891 2.22288
0.992025 0.126022 -0.00214351 83.0537 -0.125979 0.991931 0.0142637 4.77774 0.00392374 -0.0138799 0.999896 2.23503
0.986057 0.166403 -0.00150965 83.4816 -0.166364 0.985958 0.0144896 4.69462 0.00389956 -0.0140365 0.999894 2.24505
0.977633 0.210316 -0.00079445 83.8969 -0.210284 0.977537 0.0142253 4.5901 0.00376841 -0.01374 0.999899 2.25684
0.966205 0.257771 -0.00116595 84.2964 -0.257718 0.966082 0.0163524 4.466 0.00534156 -0.0154993 0.999866 2.27121
0.950979 0.309244 -0.00268319 84.6807 -0.309154 0.950853 0.0174049 4.3196 0.00793369 -0.0157222 0.999845 2.28475
0.931602 0.363462 -0.00362141 85.0476 -0.363349 0.931487 0.0175824 4.15077 0.00976383 -0.015064 0.999839 2.29436
0.907985 0.418981 -0.00421849 85.3961 -0.418845 0.907875 0.0181955 3.96116 0.0114534 -0.0147543 0.999826 2.30111
0.87985 0.475223 -0.00526197 85.7252 -0.475061 0.879757 0.0185779 3.75135 0.0134579 -0.013846 0.999814 2.30705
0.847369 0.530952 -0.00739777 86.032 -0.530786 0.847339 0.0168361 3.51816 0.0152076 -0.0103398 0.999831 2.31506
0.811535 0.58425 -0.00791311 86.3206 -0.584087 0.811528 0.0162675 3.27014 0.015926 -0.00857973 0.999836 2.32707
0.772681 0.634759 -0.00668771 86.5927 -0.634632 0.772679 0.0145134 3.00488 0.01438 -0.00697002 0.999872 2.33848
0.731142 0.682217 -0.00339273 86.8491 -0.682123 0.731109 0.013688 2.72119 0.0118186 -0.00769363 0.999901 2.34605
0.687329 0.726342 -0.00237515 87.0844 -0.726269 0.687301 0.0123132 2.42392 0.010576 -0.0067382 0.999922 2.35169
0.641954 0.766728 -0.00478289 87.2952 -0.766659 0.641964 0.0107725 2.10809 0.01133 -0.00324858 0.999931 2.35629
0.596301 0.802704 -0.00954321 87.4845 -0.802675 0.596369 0.00753553 1.78291 0.0117401 0.00316665 0.999926 2.36199
0.550793 0.834599 -0.00848598 87.6622 -0.834556 0.550854 0.00875791 1.45335 0.0119839 0.00225822 0.999926 2.37032
0.50466 0.863306 -0.00457398 87.8304 -0.863233 0.504678 0.0113629 1.11556 0.0121181 -0.00178602 0.999925 2.37721
0.460223 0.887797 -0.00344767 87.981 -0.887706 0.460227 0.013051 0.767707 0.0131734 -0.00294588 0.999909 2.38329
0.418769 0.908048 -0.00900014 88.1045 -0.907991 0.41885 0.0108319 0.410897 0.0136056 0.00363597 0.999901 2.38817
0.380094 0.924704 -0.021222 88.2059 -0.924885 0.380236 0.00295193 0.0380015 0.010799 0.0185059 0.999771 2.38917
0.345332 0.938125 -0.0258289 88.3043 -0.93845 0.345414 -0.00134143 -0.334217 0.00766326 0.0247024 0.999665 2.39215
0.313034 0.949428 -0.0244011 88.4098 -0.949696 0.31317 0.00186292 -0.706098 0.00941041 0.0225905 0.999701 2.39768
0.28238 0.959186 -0.0149709 88.5192 -0.959215 0.282531 0.00907636 -1.07853 0.0129357 0.0117974 0.999847 2.41051
0.253979 0.967165 -0.00931001 88.6137 -0.967085 0.254089 0.0136457 -1.46033 0.0155632 0.00553784 0.999864 2.42666
0.228741 0.973431 -0.0104799 88.6891 -0.973333 0.228883 0.0153474 -1.85753 0.0173383 0.00668981 0.999827 2.4382
0.205228 0.978577 -0.016359 88.7484 -0.978531 0.205485 0.0159397 -2.2645 0.0189598 0.0127365 0.999739 2.44634
0.184927 0.982409 -0.0259769 88.7957 -0.98241 0.185496 0.0214829 -2.68471 0.0259236 0.0215472 0.999432 2.43909
0.1653 0.985814 -0.0291078 88.8492 -0.985671 0.166137 0.0291757 -3.11176 0.0335977 0.023868 0.99915 2.43379
0.147621 0.988687 -0.0265936 88.907 -0.988443 0.148415 0.03088 -3.55727 0.0344776 0.0217278 0.999169 2.44219
0.132337 0.990948 -0.022567 88.9605 -0.990788 0.132908 0.0259828 -4.02221 0.0287469 0.0189207 0.999408 2.4618
0.117837 0.992792 -0.0218864 89.0008 -0.992727 0.11832 0.0222156 -4.49697 0.024645 0.0191094 0.999514 2.48116
0.104357 0.994262 -0.0235207 89.0324 -0.994295 0.104827 0.0197311 -4.98323 0.0220835 0.0213274 0.999529 2.49734
0.0924765 0.995349 -0.0270153 89.056 -0.995492 0.0929956 0.0186291 -5.48183 0.0210547 0.0251708 0.999461 2.50935
0.0819521 0.996178 -0.0302101 89.0766 -0.996406 0.0825478 0.0190255 -5.99547 0.0214466 0.0285424 0.999363 2.52177
0.0733018 0.996785 -0.0323547 89.0962 -0.997069 0.0739589 0.0195987 -6.52485 0.0219286 0.0308232 0.999284 2.53503
0.0672069 0.997159 -0.0340182 89.1145 -0.997495 0.0679054 0.0198129 -7.07171 0.0220666 0.0326014 0.999225 2.5472
0.0613298 0.997487 -0.0354649 89.1328 -0.997853 0.0620934 0.0208477 -7.63443 0.0229974 0.0341101 0.999154 2.55735
0.0549563 0.997849 -0.0357516 89.151 -0.998206 0.0557576 0.0218136 -8.21759 0.0237601 0.0344887 0.999123 2.56632
0.0502544 0.998012 -0.0380372 89.1659 -0.998456 0.051106 0.0217541 -8.82181 0.0236548 0.0368853 0.99904 2.57799
0.0466839 0.99812 -0.039701 89.1735 -0.998636 0.0475651 0.0215467 -9.44088 0.0233945 0.0386409 0.998979 2.58888
0.0431922 0.998238 -0.0406833 89.1834 -0.998804 0.0440792 0.0211597 -10.0797 0.0229157 0.0397207 0.998948 2.60148
0.040018 0.998309 -0.0421547 89.1871 -0.998952 0.0409107 0.0205278 -10.7361 0.0222177 0.041289 0.9989 2.61348
0.0385242 0.998171 -0.0465926 89.1892 -0.999017 0.0394976 0.0201504 -11.4086 0.0219538 0.0457705 0.998711 2.62539
0.0386524 0.997976 -0.0505066 89.188 -0.999016 0.0396949 0.0198018 -12.0965 0.0217665 0.0496915 0.998527 2.63616
0.0403024 0.997803 -0.0525788 89.1938 -0.99895 0.0413834 0.0196346 -12.8033 0.0217674 0.0517323 0.998424 2.64817
0.0433524 0.997539 -0.0551156 89.2038 -0.998811 0.0445065 0.0198844 -13.5262 0.0222885 0.0541881 0.998282 2.66143
0.0470652 0.997319 -0.0560358 89.2167 -0.998642 0.0482354 0.0197151 -14.2667 0.0223652 0.0550318 0.998234 2.67564
0.0509018 0.997051 -0.0574322 89.2386 -0.998485 0.0520112 0.0179874 -15.0246 0.0209215 0.0564295 0.998187 2.69434
0.0548351 0.996836 -0.0575436 89.2658 -0.998302 0.0558691 0.0165159 -15.7962 0.0196786 0.0565402 0.998206 2.71405
0.0589769 0.996754 -0.0548048 89.3029 -0.998104 0.0598488 0.0144023 -16.5848 0.0176356 0.0538515 0.998393 2.73205
0.0630285 0.996566 -0.0537035 89.3417 -0.997873 0.0638246 0.0132356 -17.3795 0.0166178 0.0527551 0.998469 2.7491
0.0669726 0.99643 -0.051402 89.3865 -0.9976 0.0677808 0.0141398 -18.182 0.0175733 0.0503317 0.998578 2.76843
0.0702109 0.996301 -0.0495559 89.4348 -0.997315 0.0711451 0.0173426 -18.987 0.0208041 0.0482052 0.998621 2.79043
0.0714283 0.99645 -0.0445488 89.4892 -0.997089 0.0725261 0.0235294 -19.796 0.0266768 0.0427384 0.99873 2.81291
0.0710287 0.996586 -0.0420839 89.539 -0.997038 0.0721821 0.0265492 -20.6107 0.0294963 0.0400735 0.998761 2.83578
0.0710932 0.996681 -0.0396601 89.5887 -0.997029 0.072187 0.02686 -21.429 0.0296338 0.0376328 0.998852 2.8665
0.0710828 0.996801 -0.0365351 89.6395 -0.99711 0.0719945 0.0242726 -22.2489 0.0268253 0.0347041 0.999038 2.90133
0.999852 -0.0164752 -0.00502581 2.92245 0.0164917 0.999859 0.00326054 0.0482249 0.00497139 -0.00334294 0.999982 0.0404371
0.999809 -0.0185297 -0.00621087 3.78028 0.0185531 0.999821 0.00374041 0.0990726 0.00614046 -0.00385493 0.999974 0.0619378
0.999761 -0.0205826 -0.00739758 4.63793 0.0206141 0.999779 0.00421524 0.149908 0.00730918 -0.00436673 0.999964 0.0834325
0.999707 -0.0226344 -0.00858619 5.4956 0.0226752 0.999732 0.00468513 0.200742 0.00847784 -0.00487845 0.999952 0.104927
0.999648 -0.0246854 -0.00977684 6.35342 0.0247366 0.999681 0.00515013 0.251584 0.00964659 -0.00539017 0.999939 0.126423
0.999582 -0.0267358 -0.0109696 7.21145 0.0267984 0.999625 0.00561029 0.302435 0.0108155 -0.00590192 0.999924 0.147923
0.999512 -0.0287844 -0.012164 8.06929 0.0288597 0.999565 0.00606536 0.353273 0.0119841 -0.00641345 0.999908 0.169417
0.999435 -0.0308313 -0.0133598 8.9269 0.0309203 0.999501 0.00651534 0.404095 0.0131522 -0.00692476 0.99989 0.190904
0.999353 -0.0328775 -0.0145577 9.7847 0.0329813 0.999432 0.00696044 0.454927 0.0143205 -0.00743607 0.99987 0.212395
0.999266 -0.0349224 -0.0157573 10.6425 0.0350422 0.999358 0.00740055 0.505755 0.0154887 -0.0079473 0.999848 0.233884
0.999196 -0.0368366 -0.0158365 11.4974 0.0369395 0.999298 0.00625416 0.555579 0.015595 -0.00683413 0.999855 0.254198
0.999075 -0.0390015 -0.0181078 12.3576 0.0391547 0.9992 0.00819052 0.607336 0.0177738 -0.00889195 0.999802 0.276792
0.998958 -0.0406334 -0.0207889 13.2257 0.0408271 0.999126 0.00898477 0.660675 0.0204056 -0.00982415 0.999744 0.299451
0.998834 -0.0425391 -0.0228473 14.1041 0.0428329 0.999004 0.012528 0.720208 0.0222916 -0.013492 0.99966 0.32361
0.998777 -0.043913 -0.0227467 14.9931 0.0442352 0.998925 0.0138613 0.777399 0.0221135 -0.0148506 0.999645 0.347902
0.99874 -0.045529 -0.0211029 15.8911 0.0458226 0.998856 0.0136515 0.83536 0.0204572 -0.0146013 0.999684 0.373463
0.998699 -0.0470535 -0.0196776 16.7956 0.0473305 0.998783 0.0138653 0.890488 0.0190012 -0.0147786 0.99971 0.397885
0.998652 -0.0482537 -0.0191206 17.7052 0.0485144 0.998732 0.0134221 0.949407 0.0184487 -0.0143317 0.999727 0.420709
0.998555 -0.0499602 -0.0197839 18.6183 0.0502327 0.998646 0.0135243 1.00626 0.0190814 -0.0144986 0.999713 0.443496
0.998477 -0.0510802 -0.0208642 19.5346 0.0513366 0.99861 0.0119442 1.06387 0.0202251 -0.0129971 0.999711 0.466643
0.998462 -0.0519117 -0.0194745 20.4598 0.0521432 0.998573 0.0115777 1.12086 0.0188457 -0.0125754 0.999743 0.489646
0.998526 -0.0519604 -0.0156667 21.3924 0.0521696 0.99855 0.0132571 1.18225 0.0149551 -0.0140549 0.999789 0.515394
0.998615 -0.0512429 -0.0119764 22.3285 0.0514108 0.998577 0.0141575 1.24179 0.0112339 -0.0147536 0.999828 0.541878
0.998713 -0.0498672 -0.00923597 23.2697 0.0499874 0.998662 0.013281 1.29818 0.00856132 -0.0137256 0.999869 0.563747
0.998793 -0.0484451 -0.00809013 24.2142 0.0485484 0.998735 0.0131079 1.35451 0.00744489 -0.0134849 0.999881 0.581565
0.998831 -0.0472247 -0.0103776 25.1609 0.0473609 0.998789 0.0133068 1.41037 0.0097366 -0.0137827 0.999858 0.598225
0.998811 -0.0462094 -0.015541 26.1124 0.0464307 0.998821 0.0142 1.46666 0.0148665 -0.0149047 0.999778 0.616364
0.998805 -0.0449764 -0.0191239 27.07 0.0452405 0.998883 0.0136097 1.52081 0.0184904 -0.0144586 0.999725 0.636197
0.998856 -0.0442466 -0.0181284 28.0372 0.0444553 0.998948 0.0112797 1.57294 0.0176102 -0.0120727 0.999772 0.65917
0.998921 -0.044516 -0.0132519 29.0123 0.0446441 0.998957 0.00953886 1.62557 0.0128135 -0.0101202 0.999867 0.68142
0.998927 -0.0454413 -0.00900287 29.9911 0.0454999 0.998944 0.00642447 1.67827 0.00870143 -0.00682721 0.999939 0.703123
0.99888 -0.0465037 -0.00871537 30.9694 0.0464948 0.998918 -0.00121964 1.72294 0.00876265 0.00081305 0.999961 0.720399
0.998765 -0.0480979 -0.0124944 31.9483 0.0480481 0.998836 -0.00425338 1.77459 0.0126844 0.00364779 0.999913 0.735343
0.998625 -0.0496153 -0.0169128 32.9312 0.0495589 0.998764 -0.00373827 1.8337 0.0170774 0.00289495 0.99985 0.754374
0.998501 -0.0515202 -0.0184833 33.9389 0.0514705 0.99867 -0.00315401 1.89725 0.0186212 0.00219793 0.999824 0.786694
0.998482 -0.0525976 -0.0163335 34.9939 0.0525529 0.998613 -0.00315477 1.96629 0.0164768 0.0022916 0.999862 0.843777
0.998472 -0.0536149 -0.0133974 36.0367 0.0536202 0.998561 3.7754e-05 2.03881 0.0133761 -0.000756068 0.99991 0.892737
0.998416 -0.0548945 -0.0123305 37.0788 0.0549032 0.998492 0.000378085 2.10964 0.0122911 -0.00105448 0.999924 0.9399
0.998384 -0.0559204 -0.0101752 38.1113 0.0559354 0.998434 0.00120306 2.17895 0.010092 -0.00177027 0.999948 0.977709
0.998408 -0.0560411 -0.00633046 39.1469 0.0560468 0.998428 0.000726242 2.24923 0.0062798 -0.00107989 0.99998 1.01522
0.99839 -0.0565031 -0.00495224 40.1683 0.0565344 0.99838 0.00644733 2.32837 0.00457992 -0.00671692 0.999967 1.04189
0.998394 -0.0564628 -0.00458793 41.1896 0.0564955 0.998376 0.00733568 2.40396 0.00416629 -0.0075831 0.999963 1.06824
0.998378 -0.0565981 -0.00623302 42.1999 0.0566413 0.99837 0.00698134 2.47479 0.00582773 -0.00732306 0.999956 1.08893
0.998369 -0.0563617 -0.00911053 43.2045 0.0564454 0.998363 0.00920288 2.55085 0.00857693 -0.00970213 0.999916 1.11399
0.998316 -0.0572481 -0.00942576 44.2043 0.0573348 0.998313 0.00920156 2.62041 0.00888309 -0.00972648 0.999913 1.14316
0.998252 -0.0585878 -0.00780286 45.2038 0.0586441 0.998253 0.00721762 2.68697 0.00736636 -0.0076626 0.999944 1.16995
0.998207 -0.0594599 -0.00685287 46.1983 0.0595106 0.9982 0.00745054 2.75911 0.00639752 -0.00784501 0.999949 1.1988
0.998175 -0.0597298 -0.00894833 47.1834 0.0598194 0.998158 0.0101106 2.836 0.00832795 -0.0106275 0.999909 1.22562
0.998074 -0.0604006 -0.0141827 48.161 0.0605523 0.99811 0.0105277 2.91149 0.01352 -0.0113662 0.999844 1.24984
0.998027 -0.0608725 -0.0153684 49.1413 0.0610437 0.998075 0.0109248 2.98346 0.0146738 -0.0118414 0.999822 1.27365
0.998049 -0.0612148 -0.0122662 50.1226 0.0613465 0.99806 0.0106721 3.05326 0.0115891 -0.0114038 0.999868 1.30481
0.998062 -0.0615639 -0.00906369 51.098 0.0616372 0.998066 0.00805277 3.1216 0.00855041 -0.00859583 0.999927 1.33062
0.998053 -0.0618626 -0.00795756 52.0684 0.0619167 0.998058 0.00675122 3.19094 0.00752447 -0.00723078 0.999946 1.35479
0.998037 -0.0620337 -0.00855884 53.0305 0.0620676 0.998065 0.00376048 3.25743 0.008309 -0.00428433 0.999956 1.37576
0.997988 -0.06259 -0.0100841 53.994 0.0625967 0.998039 0.000351848 3.31966 0.0100423 -0.000982376 0.999949 1.39607
0.997922 -0.0637669 -0.00928791 54.9518 0.0637584 0.997965 -0.00119507 3.38617 0.00934521 0.000600398 0.999956 1.41649
0.997882 -0.0648678 -0.0048577 55.9141 0.0648492 0.997888 -0.00387928 3.45182 0.00509909 0.00355603 0.999981 1.43474
0.997858 -0.0654179 0.000683527 56.8749 0.0654206 0.997843 -0.005508 3.52371 -0.000321729 0.00554091 0.999985 1.44814
0.997819 -0.0659544 0.00290138 57.8262 0.0659659 0.997813 -0.00409364 3.60098 -0.00262504 0.00427609 0.999987 1.46077
0.997722 -0.067454 0.000384228 58.7666 0.0674547 0.997719 -0.00264171 3.67352 -0.000205155 0.00266161 0.999996 1.47515
0.997591 -0.0689352 -0.00775415 59.6911 0.0689253 0.997621 -0.00152509 3.74107 0.00784083 0.00098695 0.999969 1.48912
0.99745 -0.0700141 -0.013852 60.6064 0.0700078 0.997546 -0.000923969 3.80692 0.0138827 -4.81401e-05 0.999904 1.50785
0.997368 -0.0712462 -0.0134389 61.5165 0.0713079 0.997446 0.00417511 3.88423 0.0131071 -0.00512243 0.999901 1.53032
0.997337 -0.0721181 -0.0109099 62.4149 0.072203 0.997361 0.00759526 3.95708 0.0103334 -0.00836276 0.999912 1.55803
0.997255 -0.0734701 -0.00923524 63.2984 0.0735657 0.997235 0.0104894 4.03031 0.00843905 -0.01114 0.999902 1.58546
0.997155 -0.0746991 -0.0101222 64.1666 0.0748055 0.997142 0.0105822 4.10025 0.00930274 -0.0113093 0.999893 1.60719
0.997039 -0.0763125 -0.00945819 65.0221 0.0764234 0.997003 0.0119923 4.17269 0.00851469 -0.0126796 0.999883 1.62862
0.996929 -0.0778074 -0.00891031 65.8641 0.0779215 0.996871 0.0132776 4.24455 0.00784934 -0.0139311 0.999872 1.65184
0.99681 -0.0794212 -0.0079423 66.6935 0.079521 0.996746 0.0131776 4.31422 0.00686988 -0.0137671 0.999882 1.67363
0.996697 -0.0808855 -0.00723218 67.511 0.0809726 0.996635 0.0126965 4.38298 0.00618088 -0.0132402 0.999893 1.69284
0.996596 -0.0822842 -0.00516031 68.3142 0.0823531 0.996491 0.0149847 4.45513 0.00390919 -0.0153587 0.999874 1.71197
0.996509 -0.0834876 -0.000821576 69.1089 0.0834895 0.996365 0.0169092 4.5281 -0.000593117 -0.0169187 0.999857 1.72922
0.99635 -0.0853619 0.000994474 69.8857 0.0853267 0.996165 0.0193781 4.59535 -0.00264481 -0.0192225 0.999812 1.74971
0.996214 -0.0868956 -0.00260118 70.638 0.086932 0.995964 0.0223262 4.66833 0.000650635 -0.0224678 0.999747 1.76991
0.996064 -0.088076 -0.0100153 71.369 0.0882862 0.99583 0.0229634 4.73743 0.00795099 -0.0237572 0.999686 1.79
0.995861 -0.0895425 -0.0155959 72.081 0.0898714 0.995714 0.021851 4.80495 0.0135724 -0.0231622 0.99964 1.80664
0.995777 -0.0900087 -0.0180754 72.7767 0.0904041 0.995653 0.0224028 4.87363 0.0159803 -0.0239423 0.999586 1.82712
0.995758 -0.0907493 -0.0151637 73.4533 0.0911062 0.995532 0.0247982 4.94335 0.0128456 -0.0260745 0.999578 1.85345
0.995682 -0.092042 -0.0120383 74.1089 0.0923285 0.995391 0.0259423 5.00813 0.00959499 -0.0269417 0.999591 1.88501
0.995527 -0.093367 -0.0144614 74.741 0.0936843 0.995334 0.0230968 5.06579 0.0122374 -0.0243483 0.999629 1.91066
0.995441 -0.0935607 -0.0185582 75.354 0.093848 0.99547 0.0152687 5.11457 0.0170456 -0.0169407 0.999711 1.93358
0.995407 -0.0927395 -0.0237554 75.9476 0.0930152 0.995606 0.010779 5.16598 0.0226514 -0.0129391 0.99966 1.9588
0.995642 -0.0899129 -0.0247422 76.529 0.0902299 0.995849 0.0120109 5.22273 0.0235596 -0.014191 0.999622 1.98366
0.99605 -0.0859965 -0.0221172 77.0988 0.0863963 0.996102 0.017808 5.28138 0.0204996 -0.0196485 0.999597 2.01007
0.996493 -0.0815356 -0.0188305 77.6539 0.0818531 0.996504 0.0167573 5.32644 0.0173984 -0.0182399 0.999682 2.03304
0.996966 -0.0764695 -0.0145167 78.1974 0.0766529 0.996979 0.0125306 5.35743 0.0135147 -0.0136053 0.999816 2.05732
0.997586 -0.0687317 -0.00992819 78.7279 0.0688177 0.997592 0.00859794 5.38593 0.00931333 -0.00926042 0.999914 2.08193
0.998236 -0.0584744 -0.0102774 79.2404 0.058586 0.998223 0.0109245 5.41654 0.00962035 -0.0115074 0.999888 2.10147
0.998978 -0.0438906 -0.0107884 79.7412 0.0440648 0.998893 0.0164827 5.45101 0.0100531 -0.0169413 0.999806 2.1194
0.999611 -0.0259834 -0.0100983 80.2295 0.0261965 0.999424 0.0215895 5.47231 0.00953155 -0.0218456 0.999716 2.1359
0.999946 -0.00473103 -0.00924573 80.7041 0.00492219 0.999772 0.0207724 5.47076 0.00914535 -0.0208168 0.999742 2.14999
0.999756 0.0206473 -0.00785579 81.1658 -0.0205083 0.999638 0.0173948 5.45099 0.00821211 -0.0172295 0.999818 2.16589
0.998767 0.0493007 -0.00592977 81.6188 -0.0492009 0.998662 0.0159508 5.41876 0.00670822 -0.0156394 0.999855 2.1811
0.996671 0.0814419 -0.00390396 82.0649 -0.0813719 0.996562 0.0155962 5.37361 0.00516072 -0.0152266 0.999871 2.19538
0.993029 0.117842 -0.00256583 82.502 -0.117789 0.992917 0.0155371 5.31013 0.00437859 -0.0151266 0.999876 2.20775
0.987394 0.158271 -0.00193386 82.9306 -0.158222 0.987278 0.0157682 5.23056 0.00440492 -0.0152635 0.999874 2.218
0.979333 0.202253 -0.0012165 83.3467 -0.20221 0.979219 0.0155098 5.12948 0.00432813 -0.0149433 0.999879 2.23005
0.968296 0.2498 -0.00160552 83.7473 -0.249735 0.968154 0.0176337 5.0087 0.0059593 -0.0166737 0.999843 2.24469
0.953494 0.301398 -0.00313139 84.1327 -0.301291 0.953349 0.0186737 4.86549 0.00861352 -0.0168618 0.999821 2.25854
0.934564 0.355773 -0.00407103 84.5009 -0.355641 0.934433 0.0188434 4.69971 0.0105081 -0.0161626 0.999814 2.26847
0.911405 0.411485 -0.00467315 84.851 -0.411328 0.91128 0.0194515 4.51298 0.0122625 -0.015806 0.9998 2.27556
0.883733 0.467957 -0.00571974 85.1819 -0.467772 0.883627 0.0198253 4.30591 0.0143315 -0.0148448 0.999787 2.28188
0.851713 0.52395 -0.00784111 85.4905 -0.52376 0.851674 0.018066 4.07526 0.0161438 -0.0112802 0.999806 2.29028
0.816319 0.577541 -0.00835174 85.7812 -0.577354 0.816307 0.0174932 3.82965 0.0169206 -0.00945813 0.999812 2.3027
0.777883 0.628368 -0.00711193 86.0555 -0.628219 0.777877 0.0157493 3.56665 0.0154286 -0.00778328 0.999851 2.31453
0.736738 0.676168 -0.00381026 86.3142 -0.676055 0.7367 0.0149511 3.28509 0.0129165 -0.00843913 0.999881 2.32254
0.693292 0.720652 -0.00278139 86.5519 -0.720562 0.693258 0.0135847 2.98978 0.0117181 -0.00741402 0.999904 2.32863
0.648251 0.761409 -0.00517635 86.7654 -0.761324 0.64826 0.0120243 2.67571 0.012511 -0.00385386 0.999914 2.3337
0.602896 0.797758 -0.00990982 86.9573 -0.797715 0.602971 0.00874818 2.35211 0.0129543 0.00263096 0.999913 2.33989
0.557653 0.830027 -0.0088627 87.1377 -0.829969 0.55772 0.00997924 2.02404 0.0132259 0.00179082 0.999911 2.34869
0.511758 0.859116 -0.00497231 87.3087 -0.859026 0.511777 0.0126164 1.68765 0.0133837 -0.00218522 0.999908 2.35607
0.467523 0.883973 -0.00385996 87.4622 -0.883863 0.467528 0.0143137 1.34106 0.0144576 -0.00328034 0.99989 2.36264
0.426238 0.904562 -0.00939393 87.5885 -0.904488 0.426328 0.0120489 0.985287 0.0149039 0.00336101 0.999883 2.36802
0.387704 0.921532 -0.0215504 87.693 -0.921704 0.387872 0.00406824 0.613245 0.0121078 0.0182858 0.999759 2.36954
0.353056 0.935238 -0.0261217 87.7945 -0.935559 0.35317 -0.000263099 0.241855 0.00897935 0.0245313 0.999659 2.37302
0.320851 0.946807 -0.0247204 87.9031 -0.947069 0.321017 0.00295296 -0.129142 0.0107315 0.0224644 0.99969 2.37907
0.290277 0.95682 -0.01535 88.0155 -0.956837 0.290446 0.0102441 -0.500641 0.0142601 0.0117138 0.99983 2.39241
0.26194 0.965035 -0.00972699 88.1132 -0.964936 0.262063 0.01486 -0.881623 0.0168895 0.0054935 0.999842 2.40908
0.236754 0.971508 -0.0109108 88.1918 -0.97139 0.236911 0.0165519 -1.27817 0.0186652 0.00667993 0.999803 2.42116
0.213284 0.976846 -0.0167946 88.2545 -0.97678 0.213563 0.0170956 -1.68463 0.0202865 0.0127584 0.999713 2.42984
0.193014 0.980839 -0.0264578 88.3053 -0.980818 0.193618 0.0225589 -2.10444 0.0272493 0.0215961 0.999395 2.42316
0.173412 0.984403 -0.029652 88.3623 -0.98423 0.174291 0.0302252 -2.53105 0.0349219 0.023943 0.999103 2.41842
0.155756 0.987423 -0.0271519 88.4238 -0.987147 0.156591 0.0319503 -2.97605 0.0358002 0.0218265 0.999121 2.42741
0.140494 0.989813 -0.0230852 88.4811 -0.989625 0.141099 0.0270867 -3.44051 0.030068 0.0190401 0.999367 2.44764
0.126012 0.991777 -0.0223735 88.5253 -0.991689 0.126527 0.0233254 -3.9149 0.0259644 0.0192482 0.999478 2.46763
0.112546 0.993357 -0.0239873 88.5609 -0.993371 0.11305 0.0208275 -4.40086 0.0234009 0.0214842 0.999495 2.48444
0.100676 0.99454 -0.0274727 88.5886 -0.994668 0.101233 0.0196966 -4.89923 0.0223702 0.0253432 0.999428 2.49711
0.0901591 0.995455 -0.0306706 88.6134 -0.995667 0.0907965 0.0200666 -5.41267 0.0227602 0.0287286 0.999328 2.5102
0.0815145 0.996132 -0.0328198 88.6374 -0.996401 0.0822159 0.0206219 -5.94185 0.0232405 0.0310207 0.999249 2.52415
0.0754231 0.996555 -0.034485 88.6601 -0.996877 0.076168 0.0208224 -6.48852 0.0233773 0.0328068 0.999188 2.53703
0.0695489 0.996931 -0.0359401 88.6831 -0.997282 0.0703608 0.0218451 -7.05106 0.0243068 0.0343232 0.999115 2.54792
0.0631783 0.997344 -0.0362348 88.7061 -0.997687 0.0640287 0.0228086 -7.63403 0.0250681 0.03471 0.999083 2.55765
0.0584787 0.997545 -0.0385198 88.726 -0.997977 0.0593816 0.0227301 -8.2381 0.0249617 0.0371127 0.998999 2.5701
0.0549099 0.997683 -0.0401818 88.7387 -0.998186 0.055844 0.0225089 -8.85707 0.0247007 0.038873 0.998939 2.5818
0.0514199 0.997829 -0.0411609 88.7538 -0.998383 0.0523607 0.0221139 -9.49577 0.024221 0.0399573 0.998908 2.59523
0.0482472 0.997926 -0.042627 88.763 -0.998558 0.0491948 0.0214698 -10.1521 0.0235223 0.0415297 0.99886 2.60807
0.0467541 0.997797 -0.0470616 88.7706 -0.998636 0.0477864 0.0210555 -10.8246 0.023258 0.046013 0.99867 2.62086
0.0468823 0.997599 -0.0509725 88.7752 -0.998634 0.0479872 0.0206744 -11.5125 0.0230708 0.0499336 0.998486 2.63252
0.0485317 0.997412 -0.0530433 88.7868 -0.998555 0.0496769 0.02049 -12.2191 0.023072 0.0519722 0.998382 2.64545
0.0515804 0.997121 -0.055582 88.8027 -0.99839 0.0528008 0.0207187 -12.9419 0.0235938 0.0544239 0.998239 2.65965
0.0552915 0.996871 -0.0565008 88.8217 -0.99819 0.0565289 0.0205418 -13.6823 0.0236714 0.0552627 0.998191 2.67481
0.0591272 0.996571 -0.0578828 88.8498 -0.998003 0.0603042 0.0188025 -14.44 0.0222286 0.0566555 0.998146 2.6945
0.0630592 0.996324 -0.0579821 88.8833 -0.997789 0.0641604 0.0173302 -15.2113 0.0209867 0.0567611 0.998167 2.71522
0.0671998 0.99621 -0.055226 88.927 -0.99756 0.0681357 0.0152395 -15.9995 0.0189446 0.0540671 0.998358 2.73425
0.0712498 0.99599 -0.0541152 88.9723 -0.997297 0.0721084 0.014082 -16.7938 0.0179277 0.0529656 0.998435 2.75235
0.0751911 0.995822 -0.0518212 89.0238 -0.99699 0.0760602 0.0150053 -17.5959 0.0188841 0.050537 0.998544 2.77272
0.078426 0.995665 -0.0500016 89.0787 -0.996674 0.0794206 0.0182233 -18.4005 0.0221155 0.0484062 0.998583 2.79578
0.0796398 0.995806 -0.0450457 89.1397 -0.996431 0.0807957 0.0244513 -19.2089 0.0279882 0.0429376 0.998686 2.81932
0.0792388 0.995945 -0.0426059 89.1962 -0.996379 0.0804494 0.0274914 -20.0232 0.0308075 0.0402732 0.998714 2.84326
0.0793032 0.99604 -0.0401847 89.2527 -0.99637 0.0804519 0.0278222 -20.8409 0.030945 0.0378325 0.998805 2.87505
0.0792943 0.996163 -0.0370385 89.3102 -0.996454 0.0802567 0.025261 -21.6604 0.0281366 0.0349041 0.998995 2.91096
0.0791538 0.996147 -0.0377629 89.3621 -0.996482 0.0801135 0.0246145 -22.478 0.027545 0.0356817 0.998984 2.94405
0.0793657 0.99621 -0.035595 89.4149 -0.996498 0.0802298 0.0235416 -23.2957 0.0263082 0.033602 0.999089 2.97795
0.0790498 0.996294 -0.0339009 89.4654 -0.996528 0.0798684 0.0235147 -24.1121 0.0261352 0.0319244 0.999149 3.01496
0.0791006 0.996371 -0.0314243 89.5201 -0.996506 0.0798805 0.0243912 -24.9249 0.0268129 0.0293852 0.999208 3.04816
0.0778818 0.996555 -0.0285095 89.574 -0.996574 0.0786175 0.0256654 -25.7367 0.0278183 0.0264129 0.999264 3.08078
0.0751614 0.996844 -0.0255651 89.6278 -0.99679 0.0758171 0.0257326 -26.5482 0.0275896 0.0235489 0.999342 3.11392
0.0713792 0.997191 -0.0227093 89.6777 -0.997108 0.0719317 0.0245241 -27.3598 0.0260887 0.0208931 0.999441 3.14743
0.0666009 0.997574 -0.0202794 89.7244 -0.997506 0.0670447 0.0220556 -28.1725 0.0233617 0.0187599 0.999551 3.18212
0.0603652 0.998016 -0.0179078 89.7638 -0.99796 0.0607158 0.019724 -28.9848 0.0207721 0.0166807 0.999645 3.21507
0.0529434 0.998452 -0.0170544 89.7943 -0.99839 0.0532728 0.0194846 -29.7932 0.020363 0.0159954 0.999665 3.24603
0.0442056 0.99889 -0.0162893 89.8179 -0.998799 0.0445347 0.0204303 -30.5963 0.0211331 0.0153666 0.999659 3.27456
0.0340832 0.999281 -0.0166269 89.8291 -0.999184 0.034431 0.0211051 -31.3988 0.0216624 0.015894 0.999639 3.30221
0.0238448 0.999563 -0.0174753 89.8334 -0.999502 0.0241973 0.0202432 -32.1976 0.0206572 0.0169839 0.999642 3.33099
0.0130717 0.999782 -0.0163161 89.8313 -0.999735 0.0133766 0.0187215 -32.991 0.0189356 0.0160671 0.999692 3.35985
0.00190932 0.99985 -0.0172158 89.8178 -0.999838 0.00221709 0.0178823 -33.7842 0.0179178 0.0171788 0.999692 3.38458
-0.00923912 0.999806 -0.0174071 89.7952 -0.999802 -0.00893001 0.0177562 -34.5718 0.0175973 0.0175677 0.999691 3.40886
-0.0203673 0.999643 -0.0173221 89.7655 -0.999631 -0.0200498 0.0183104 -35.3523 0.0179566 0.0176887 0.999682 3.43371
-0.0311889 0.999373 -0.0167955 89.7281 -0.999337 -0.0308633 0.0193186 -36.1288 0.0187881 0.0173869 0.999672 3.45768
-0.0416049 0.998985 -0.0172771 89.6822 -0.998943 -0.0412526 0.0202776 -36.8976 0.0195443 0.0181025 0.999645 3.48082
-0.0512485 0.998526 -0.0178924 89.6283 -0.998486 -0.0508711 0.0209465 -37.6582 0.0200054 0.0189388 0.99962 3.50463
-0.0609209 0.997975 -0.0183194 89.5659 -0.997939 -0.0605274 0.0213244 -38.4112 0.0201724 0.0195808 0.999605 3.5296
-0.0704546 0.99734 -0.0187182 89.4993 -0.997315 -0.0700522 0.0213469 -39.1566 0.0199789 0.0201719 0.999597 3.55312
-0.0791903 0.996661 -0.0199052 89.4241 -0.99667 -0.0787704 0.021062 -39.8937 0.0194238 0.0215068 0.99958 3.57742
-0.086715 0.996003 -0.0214126 89.3436 -0.996074 -0.0862965 0.0197597 -40.6233 0.0178329 0.023042 0.999575 3.60153
-0.0920884 0.995455 -0.0242603 89.2586 -0.995623 -0.0916595 0.0182431 -41.3422 0.0159366 0.0258341 0.999539 3.62706
-0.0961465 0.99499 -0.0274059 89.1714 -0.995272 -0.0957206 0.0164572 -42.0561 0.0137514 0.0288587 0.999489 3.64851
-0.099088 0.994646 -0.0293368 89.0856 -0.995004 -0.0986769 0.0151501 -42.7586 0.0121742 0.0306914 0.999455 3.66817
-0.100894 0.994449 -0.0298774 89.0022 -0.994833 -0.100499 0.0144283 -43.4448 0.0113455 0.0311787 0.999449 3.68727
-0.101967 0.994327 -0.0302837 88.92 -0.994723 -0.101567 0.0144666 -44.119 0.0113087 0.031599 0.999437 3.70535
-0.101427 0.994354 -0.0311915 88.8388 -0.994766 -0.100979 0.0156181 -44.775 0.0123802 0.0326123 0.999391 3.72281
-0.0987522 0.99459 -0.0322515 88.7617 -0.995019 -0.0982475 0.0168805 -45.4138 0.0136205 0.0337579 0.999337 3.74014
-0.0940346 0.995042 -0.0323874 88.6926 -0.995462 -0.0934972 0.0177321 -46.0358 0.014616 0.0339078 0.999318 3.75782
-0.0865377 0.995741 -0.0317888 88.6339 -0.996128 -0.0859876 0.0182872 -46.6381 0.0154758 0.0332483 0.999327 3.77613
-0.0759081 0.996633 -0.0309842 88.5835 -0.996983 -0.0753557 0.0186252 -47.2226 0.0162277 0.0323045 0.999346 3.7954
-0.0626452 0.997562 -0.0307655 88.5425 -0.997894 -0.0620861 0.0188029 -47.7868 0.016847 0.0318786 0.99935 3.81509
-0.046106 0.998491 -0.0298414 88.5178 -0.99876 -0.0455159 0.020162 -48.3307 0.0187733 0.030734 0.999351 3.83427
-0.0258162 0.999251 -0.0288367 88.5085 -0.999422 -0.025161 0.0228563 -48.8659 0.0221136 0.0294101 0.999323 3.85721
-0.00214137 0.99962 -0.0274949 88.513 -0.999658 -0.00142329 0.0261127 -49.3935 0.0260636 0.0275414 0.999281 3.88062
0.025569 0.999326 -0.0263543 88.5306 -0.999261 0.0263064 0.0280251 -49.9184 0.0286995 0.0256182 0.99926 3.90267
0.0578326 0.998 -0.0255133 88.5653 -0.997887 0.0585461 0.0281686 -50.4404 0.029606 0.0238303 0.999278 3.92536
0.0949221 0.995162 -0.0253335 88.6186 -0.995078 0.0955803 0.0261744 -50.9577 0.0284692 0.0227242 0.999336 3.94887
0.136277 0.990376 -0.0241547 88.6963 -0.990328 0.136831 0.0229791 -51.4688 0.0260631 0.0207896 0.999444 3.97392
0.180482 0.983336 -0.0218231 88.7982 -0.983324 0.180895 0.0187123 -51.9706 0.0223482 0.018082 0.999587 3.99891
0.227818 0.973538 -0.0179758 88.9236 -0.973512 0.2281 0.0156294 -52.4671 0.0193161 0.013939 0.999716 4.02434
