1 0 0 0 0 1 0 0 0 0 1 0
1 0 0 0 0 1 0 0 0 0 1 0
1 0 0 0 0 1 0 0 0 0 1 0
1 0 0 0 0 1 0 0 0 0 1 0
1 0 0 0 0 1 0 0 0 0 1 0
1 0 0 0 0 1 0 0 0 0 1 0
1 0 0 0 0 1 0 0 0 0 1 0
1 0 0 0 0 1 0 0 0 0 1 0
1 0 0 0 0 1 0 0 0 0 1 0
0.999995 -0.00129365 0.00273235 -0.0275306 0.00129341 0.999999 8.64349e-05 0.00245829 -0.00273246 -8.29004e-05 0.999996 0.00875418
0.999995 -0.00129365 0.00273235 -0.0275306 0.00129341 0.999999 8.64349e-05 0.00245829 -0.00273246 -8.29004e-05 0.999996 0.00875418
0.999995 -0.00129365 0.00273235 -0.0275306 0.00129341 0.999999 8.64349e-05 0.00245829 -0.00273246 -8.29004e-05 0.999996 0.00875418
0.999991 -0.00319048 0.00268314 -0.0471782 0.00319416 0.999994 -0.00136915 -0.00946899 -0.00267875 0.00137771 0.999995 0.0184856
0.999991 -0.00319048 0.00268314 -0.0471782 0.00319416 0.999994 -0.00136915 -0.00946899 -0.00267875 0.00137771 0.999995 0.0184856
0.999991 -0.00319048 0.00268314 -0.0471782 0.00319416 0.999994 -0.00136915 -0.00946899 -0.00267875 0.00137771 0.999995 0.0184856
0.99999 -0.00424551 0.0017235 -0.0616813 0.00424883 0.999989 -0.00192715 -0.0131034 -0.0017153 0.00193445 0.999997 0.028617
0.999988 -0.00492082 0.000191447 -0.0883108 0.00492085 0.999988 -0.000118777 -0.0103513 -0.00019086 0.000119718 1 0.0435735
0.999984 -0.0056517 -0.000965786 -0.102263 0.00565356 0.999982 0.00193289 -0.0174651 0.000954844 -0.00193832 0.999998 0.0597581
0.999984 -0.0056517 -0.000965786 -0.102263 0.00565356 0.999982 0.00193289 -0.0174651 0.000954844 -0.00193832 0.999998 0.0597581
0.99998 -0.00628551 -0.000606286 -0.111967 0.00628667 0.999978 0.00192632 -0.0188848 0.000594165 -0.00193009 0.999998 0.0673274
0.99998 -0.00628551 -0.000606286 -0.111967 0.00628667 0.999978 0.00192632 -0.0188848 0.000594165 -0.00193009 0.999998 0.0673274
0.999962 -0.00871937 0.000515466 -0.11742 0.00871833 0.99996 0.00198113 -0.0307672 -0.00053272 -0.00197656 0.999998 0.0931167
0.999962 -0.00871937 0.000515466 -0.11742 0.00871833 0.99996 0.00198113 -0.0307672 -0.00053272 -0.00197656 0.999998 0.0931167
0.999962 -0.00871937 0.000515466 -0.11742 0.00871833 0.99996 0.00198113 -0.0307672 -0.00053272 -0.00197656 0.999998 0.0931167
0.999962 -0.00871937 0.000515466 -0.11742 0.00871833 0.99996 0.00198113 -0.0307672 -0.00053272 -0.00197656 0.999998 0.0931167
0.999955 -0.00909243 0.00273054 -0.131372 0.00908813 0.999957 0.00158351 -0.0259722 -0.00274482 -0.00155862 0.999995 0.107184
0.999945 -0.00913407 0.00524307 -0.133593 0.00912997 0.999958 0.000805674 -0.0239687 -0.0052502 -0.00075776 0.999986 0.119271
0.999933 -0.00885924 0.00742617 -0.146144 0.00885511 0.999961 0.000588054 -0.0323205 -0.00743109 -0.000522255 0.999972 0.126201
0.999923 -0.0085102 0.00907094 -0.167471 0.0085175 0.999963 -0.000766013 -0.032019 -0.00906409 0.000843215 0.999959 0.132371
0.999923 -0.0085102 0.00907094 -0.167471 0.0085175 0.999963 -0.000766013 -0.032019 -0.00906409 0.000843215 0.999959 0.132371
0.999956 -0.00739606 0.00572702 -0.175181 0.00740673 0.999971 -0.00184438 -0.0475527 -0.00571321 0.00188671 0.999982 0.155753
0.999978 -0.00617006 0.0024234 -0.192694 0.00617414 0.99998 -0.00167965 -0.074907 -0.00241299 0.00169458 0.999996 0.164905
0.999978 -0.00617006 0.0024234 -0.192694 0.00617414 0.99998 -0.00167965 -0.074907 -0.00241299 0.00169458 0.999996 0.164905
0.999973 -0.00592547 0.00425818 -0.210524 0.00592851 0.999982 -0.000702646 -0.0964342 -0.00425394 0.000727872 0.999991 0.17611
0.999955 -0.00569529 0.00757728 -0.197568 0.00571267 0.999981 -0.00227445 -0.113363 -0.00756419 0.00231763 0.999969 0.182704
0.999955 -0.00569529 0.00757728 -0.197568 0.00571267 0.999981 -0.00227445 -0.113363 -0.00756419 0.00231763 0.999969 0.182704
0.999955 -0.00569529 0.00757728 -0.197568 0.00571267 0.999981 -0.00227445 -0.113363 -0.00756419 0.00231763 0.999969 0.182704
0.999961 -0.00692448 0.00546587 -0.199131 0.0069378 0.999973 -0.00242085 -0.138292 -0.00544896 0.00245867 0.999982 0.206591
0.999959 -0.00790894 0.00441161 -0.203597 0.00791585 0.999967 -0.00155124 -0.154206 -0.0043992 0.0015861 0.999989 0.223087
0.999959 -0.00790894 0.00441161 -0.203597 0.00791585 0.999967 -0.00155124 -0.154206 -0.0043992 0.0015861 0.999989 0.223087
0.999959 -0.00790894 0.00441161 -0.203597 0.00791585 0.999967 -0.00155124 -0.154206 -0.0043992 0.0015861 0.999989 0.223087
0.999959 -0.00790894 0.00441161 -0.203597 0.00791585 0.999967 -0.00155124 -0.154206 -0.0043992 0.0015861 0.999989 0.223087
0.999943 -0.00790851 0.00711935 -0.203006 0.00790447 0.999969 0.000594038 -0.178316 -0.00712382 -0.000537729 0.999974 0.232669
0.999926 -0.00471153 0.0112065 -0.188761 0.00470316 0.999989 0.000773017 -0.181056 -0.01121 -0.000720254 0.999937 0.229978
0.999882 -0.00151527 0.015294 -0.174536 0.00150108 0.999998 0.000938909 -0.183843 -0.0152954 -0.00091584 0.999883 0.227229
0.999876 -0.00289857 0.015461 -0.193411 0.00292353 0.999994 -0.00159179 -0.172146 -0.0154563 0.00163679 0.999879 0.244142
0.999895 -0.0030523 0.0141651 -0.243834 0.0030521 0.999995 3.57356e-05 -0.151333 -0.0141651 7.50131e-06 0.9999 0.243006
0.99993 -0.00267895 0.011551 -0.267349 0.00262975 0.999987 0.00427224 -0.172238 -0.0115623 -0.00424157 0.999924 0.240176
0.999924 -0.00378451 0.0116975 -0.244396 0.00368238 0.999955 0.00873985 -0.169237 -0.0117301 -0.00869612 0.999893 0.244234
0.999913 -0.00246518 0.0129528 -0.292217 0.00234259 0.999952 0.00947157 -0.141017 -0.0129755 -0.0094404 0.999871 0.249488
0.999903 0.00067135 0.0138881 -0.326296 -0.000846525 0.99992 0.0126112 -0.11604 -0.0138786 -0.0126218 0.999824 0.246985
0.999932 0.00112311 0.011604 -0.33311 -0.00128682 0.9999 0.0141105 -0.0492387 -0.011587 -0.0141245 0.999833 0.265589
0.999953 0.00323623 0.0090911 -0.362943 -0.00341583 0.999798 0.0198098 -0.0191635 -0.00902515 -0.01984 0.999762 0.288094
0.999966 0.00248922 0.00788726 -0.438258 -0.00265439 0.999776 0.0210012 -0.0193119 -0.00783322 -0.0210214 0.999748 0.292565
0.999953 0.00344931 0.00901686 -0.470313 -0.0036849 0.999649 0.026243 -0.000745958 -0.00892317 -0.026275 0.999615 0.283178
0.999912 0.00477698 0.0123672 -0.507269 -0.00516215 0.999497 0.0313029 0.0220247 -0.0122115 -0.031364 0.999433 0.289647
0.999888 0.0081002 0.0126016 -0.518193 -0.00852113 0.999395 0.0337159 0.0227255 -0.0123209 -0.0338195 0.999352 0.294273
0.999852 0.0114228 0.012844 -0.529114 -0.0118803 0.999277 0.036128 0.0234741 -0.012422 -0.0362752 0.999265 0.298897
0.99984 0.0136048 0.0116346 -0.585318 -0.0140112 0.999268 0.0355857 0.00815528 -0.011142 -0.035743 0.999299 0.324866
0.999809 0.0149235 0.0126163 -0.628528 -0.0153972 0.999147 0.03832 -0.00853831 -0.0120336 -0.0385069 0.999186 0.322232
0.999761 0.0154662 0.0154724 -0.686234 -0.0160044 0.999249 0.0352863 -0.0280417 -0.014915 -0.0355255 0.999257 0.31149
0.99967 0.0179283 0.0183815 -0.703208 -0.0186308 0.999074 0.0387893 -0.0362867 -0.017669 -0.039119 0.999078 0.315413
0.999581 0.0171802 0.0233063 -0.771164 -0.0180697 0.999095 0.0385059 -0.0382099 -0.0226237 -0.0389108 0.998987 0.305968
0.999512 0.0204758 0.0235705 -0.782029 -0.0214288 0.998933 0.040915 -0.037335 -0.0227076 -0.0414002 0.998885 0.310702
0.999645 0.021703 0.0154328 -0.873927 -0.0223164 0.99892 0.0407526 -0.0160371 -0.0145317 -0.0410826 0.99905 0.322622
0.999665 0.0243921 0.00869401 -0.944695 -0.0247404 0.99879 0.0425031 -0.0481514 -0.00764675 -0.0427039 0.999058 0.309575
0.999552 0.0287773 0.00824166 -0.999426 -0.0291289 0.998502 0.046306 -0.0379274 -0.00689675 -0.0465253 0.998893 0.300843
0.999392 0.0336681 0.00903062 -1.06838 -0.0340783 0.99817 0.0499555 -0.0333455 -0.00733219 -0.0502329 0.998711 0.295307
0.9992 0.038239 0.0116959 -1.15339 -0.0387969 0.997897 0.0519273 -0.0260252 -0.00968565 -0.0523395 0.998582 0.288746
0.999028 0.0426106 0.0112963 -1.20799 -0.0431761 0.997512 0.0557344 -0.0151203 -0.00889333 -0.0561679 0.998382 0.280041
0.998848 0.0463902 0.0122535 -1.2865 -0.0469837 0.997453 0.0536656 -0.018183 -0.00973269 -0.0541795 0.998484 0.273019
0.998609 0.0510834 0.0130269 -1.34877 -0.0517416 0.997059 0.0565403 -0.00543226 -0.0101003 -0.0571357 0.998315 0.265465
0.998381 0.0554471 0.0126764 -1.40323 -0.0561144 0.996599 0.0603512 0.00613501 -0.00928697 -0.0609648 0.998097 0.256741
0.998066 0.0605922 0.013895 -1.45147 -0.0613441 0.996173 0.062262 0.0322512 -0.0100692 -0.0629939 0.997963 0.257284
0.997695 0.0655445 0.0175862 -1.52408 -0.0665299 0.995794 0.0629918 0.067943 -0.0133834 -0.0640166 0.997859 0.267806
0.997334 0.0703771 0.0193076 -1.58516 -0.07151 0.995245 0.0661326 0.0892732 -0.0145615 -0.0673369 0.997624 0.26352
0.996899 0.0758183 0.0210648 -1.64139 -0.0770893 0.994698 0.0680719 0.10853 -0.015792 -0.0694847 0.997458 0.253375
0.996566 0.0801436 0.020809 -1.69561 -0.0814449 0.994082 0.0718875 0.121366 -0.0149245 -0.0733355 0.997196 0.244856
0.99614 0.0860222 0.0174475 -1.78483 -0.0870877 0.993436 0.0741616 0.147804 -0.0109534 -0.0753949 0.997094 0.25286
0.995665 0.0920727 0.0131597 -1.83981 -0.0928077 0.992811 0.0755819 0.169281 -0.00610602 -0.0764756 0.997053 0.244998
0.995135 0.0981245 0.0088803 -1.89464 -0.0985175 0.99215 0.0770266 0.19106 -0.00125239 -0.0775267 0.996989 0.236844
0.994352 0.105212 0.0139507 -1.95289 -0.105981 0.99134 0.0775447 0.230124 -0.0056713 -0.0785852 0.996891 0.22402
0.993494 0.112288 0.0190244 -2.01091 -0.113441 0.990476 0.0780246 0.269616 -0.010082 -0.0796751 0.99677 0.211435
0.992328 0.122654 0.0155368 -2.12202 -0.123479 0.989517 0.0748957 0.324526 -0.00618771 -0.0762396 0.99707 0.212776
0.991041 0.133007 0.0121101 -2.22609 -0.133541 0.988262 0.0741993 0.390815 -0.00209894 -0.0751518 0.99717 0.223321
0.98969 0.142951 0.00883887 -2.33418 -0.143213 0.98695 0.0736136 0.448653 0.00179962 -0.0741205 0.997248 0.231086
0.988323 0.152204 0.00713817 -2.41898 -0.152316 0.985606 0.0733465 0.498042 0.00412824 -0.0735773 0.997281 0.22835
0.987029 0.160364 0.00760011 -2.5243 -0.160477 0.984148 0.0755041 0.547787 0.00462847 -0.0757443 0.997117 0.238845
0.985672 0.168329 0.0107672 -2.656 -0.168655 0.982611 0.0776668 0.60816 0.0024936 -0.0783699 0.996921 0.251006
0.984039 0.177541 0.0120691 -2.75332 -0.177937 0.980862 0.0790504 0.682169 0.0021966 -0.0799362 0.996798 0.258114
0.982384 0.186228 0.0154973 -2.90353 -0.186869 0.979454 0.0758265 0.755921 -0.00105783 -0.0773868 0.997001 0.273976
0.980624 0.195414 0.0137865 -2.98606 -0.195896 0.977704 0.0756351 0.809007 0.00130107 -0.0768703 0.99704 0.27138
0.978651 0.204987 0.0148963 -3.08037 -0.205521 0.975431 0.0793457 0.860071 0.00173458 -0.0807133 0.996736 0.275137
0.976649 0.214213 0.0163847 -3.18233 -0.214832 0.973144 0.082696 0.921736 0.00176994 -0.084285 0.99644 0.277208
0.97441 0.224094 0.0175334 -3.28575 -0.224772 0.970786 0.0839788 0.983255 0.00179798 -0.0857708 0.996313 0.282251
0.97114 0.237795 0.0184297 -3.40618 -0.238505 0.967777 0.0807606 1.01325 0.00136867 -0.0828255 0.996563 0.271667
0.967678 0.251452 0.0192804 -3.52617 -0.252189 0.964567 0.0775294 1.04498 0.000897668 -0.0798858 0.996804 0.261142
0.964022 0.265062 0.0200854 -3.6457 -0.265822 0.961156 0.0742857 1.07843 0.000385089 -0.0769522 0.997035 0.250682
0.960175 0.278621 0.0208445 -3.76475 -0.2794 0.957544 0.0710304 1.11359 -0.000168969 -0.0740256 0.997256 0.240293
0.956056 0.292343 0.0222158 -3.88455 -0.293184 0.953541 0.0692979 1.15775 -0.000924966 -0.0727659 0.997349 0.23029
0.951823 0.305794 0.0228818 -4.00254 -0.306645 0.949532 0.0660213 1.19634 -0.00153813 -0.0698572 0.997556 0.220072
0.947401 0.319185 0.0235015 -4.11998 -0.320042 0.945324 0.062735 1.23662 -0.00219238 -0.0669567 0.997754 0.209938
0.942514 0.333419 0.0223362 -4.23226 -0.334164 0.94066 0.0591076 1.28718 -0.00130313 -0.0631737 0.998002 0.200891
0.937267 0.348006 0.0205358 -4.3637 -0.348611 0.935516 0.0572776 1.33816 0.000721368 -0.0608434 0.998147 0.19774
0.932258 0.361182 0.0210079 -4.47918 -0.361793 0.930695 0.0539656 1.38369 -6.05173e-05 -0.0579104 0.998322 0.187346
0.92723 0.374013 0.0189422 -4.60459 -0.374488 0.925761 0.0522005 1.42337 0.00198773 -0.0554955 0.998457 0.175866
0.921504 0.387915 0.0187897 -4.72379 -0.388364 0.920136 0.0502251 1.46905 0.00219399 -0.0535798 0.998561 0.169848
0.915939 0.400861 0.0191191 -4.83717 -0.401315 0.914739 0.046895 1.51954 0.00130939 -0.0506257 0.998717 0.15929
0.910193 0.413729 0.0194015 -4.94982 -0.414183 0.909151 0.0435601 1.57166 0.000383184 -0.0476838 0.998862 0.148848
0.904267 0.426515 0.0196368 -5.06172 -0.426967 0.903372 0.0402211 1.62539 -0.000584438 -0.0447549 0.998998 0.138529
0.898341 0.438884 0.0190666 -5.18038 -0.439298 0.897558 0.0375042 1.68042 -0.000653376 -0.0420675 0.999115 0.12833
0.892064 0.451501 0.0192089 -5.29073 -0.451906 0.891411 0.0341593 1.73729 -0.00170009 -0.0391529 0.999232 0.118155
0.885296 0.464701 0.0174435 -5.4111 -0.465026 0.884783 0.0301445 1.7936 -0.00142554 -0.0347984 0.999393 0.11658
0.87866 0.477127 0.017489 -5.51973 -0.477441 0.878255 0.0267961 1.8537 -0.00257461 -0.0318946 0.999488 0.10652
0.873241 0.486872 0.0201616 -5.64728 -0.487284 0.872667 0.031734 1.91731 -0.00214392 -0.0375359 0.999293 0.0958292
0.868152 0.49593 0.0191286 -5.76317 -0.496298 0.867467 0.0344818 1.97553 0.00050717 -0.0394289 0.999222 0.0956215
0.862053 0.506481 0.018478 -5.92705 -0.506817 0.861398 0.0336305 2.03745 0.00111635 -0.0383563 0.999264 0.0780531
0.858636 0.512304 0.0170065 -6.07181 -0.512572 0.858382 0.0212149 2.09579 -0.0037296 -0.0269329 0.99963 0.0757371
0.855189 0.518086 0.0154513 -6.21617 -0.518244 0.855187 0.00880587 2.15513 -0.00865153 -0.0155382 0.999842 0.0739055
0.85397 0.520099 0.0152638 -6.39922 -0.520284 0.853897 0.012813 2.22757 -0.00636967 -0.0188835 0.999801 0.097372
0.85222 0.523014 0.013293 -6.59846 -0.523175 0.85207 0.0162417 2.30242 -0.0028319 -0.0207961 0.99978 0.133576
0.851605 0.523997 0.0139864 -6.78216 -0.524179 0.851409 0.018415 2.39585 -0.00225875 -0.0230136 0.999733 0.145859
0.851081 0.524847 0.0140282 -6.97398 -0.525032 0.850855 0.0196907 2.48643 -0.0016013 -0.0241236 0.999708 0.149006
0.850261 0.526269 0.00982483 -7.19408 -0.526359 0.85006 0.0185349 2.57573 0.00140264 -0.0209309 0.99978 0.168373
0.850944 0.525244 0.00364563 -7.39168 -0.525207 0.850747 0.0196626 2.68477 0.00722614 -0.0186465 0.9998 0.161656
0.851589 0.524204 -0.00253509 -7.58937 -0.524047 0.851436 0.0207819 2.79354 0.0130524 -0.0163692 0.999781 0.1536
0.852197 0.523149 -0.00871707 -7.78716 -0.52288 0.852125 0.0218929 2.90202 0.0188813 -0.0140991 0.999722 0.144206
0.855929 0.517076 -0.00424518 -7.99888 -0.516897 0.855801 0.0205444 3.04294 0.014256 -0.0153902 0.99978 0.138813
0.859597 0.510972 0.000236294 -8.21161 -0.510882 0.859436 0.0192272 3.18237 0.00962151 -0.0166484 0.999815 0.134585
0.863202 0.504837 0.00472703 -8.42533 -0.504834 0.86303 0.0179416 3.3203 0.00497804 -0.0178736 0.999828 0.131522
0.866577 0.499007 0.00600642 -8.65836 -0.49904 0.866471 0.0136372 3.46058 0.00160068 -0.0148152 0.999889 0.145884
0.870448 0.492242 0.00428515 -8.90998 -0.49226 0.870397 0.00949438 3.60362 0.000943752 -0.0103738 0.999946 0.156376
0.8739 0.486025 0.00880257 -9.12663 -0.486091 0.873869 0.00830603 3.73693 -0.00365535 -0.0115375 0.999927 0.155579
0.87767 0.479181 0.00900603 -9.36255 -0.479223 0.877687 0.0032243 3.86708 -0.00635945 -0.00714577 0.999954 0.186791
0.881444 0.472189 0.0096506 -9.58558 -0.472202 0.88149 -0.00109956 4.00826 -0.0090261 -0.00358783 0.999953 0.203931
0.884706 0.466017 0.0110699 -9.82086 -0.466006 0.884774 -0.00379221 4.16597 -0.0115616 -0.00180364 0.999932 0.222706
0.887672 0.460363 0.0101768 -10.0642 -0.460333 0.887731 -0.00530267 4.31998 -0.0114754 2.23075e-05 0.999934 0.23121
0.891722 0.452508 0.0082983 -10.2818 -0.452448 0.891754 -0.00813311 4.45915 -0.0110803 0.00349792 0.999932 0.222854
0.895235 0.44547 0.0104755 -10.5101 -0.445383 0.895288 -0.00965983 4.59295 -0.0136818 0.00398221 0.999898 0.232967
0.898326 0.439071 0.0150492 -10.7335 -0.438953 0.898448 -0.0106066 4.71459 -0.018178 0.00292231 0.99983 0.236022
0.901351 0.432645 0.0196292 -10.9578 -0.432496 0.901562 -0.0115206 4.83462 -0.0226812 0.00189454 0.999741 0.24021
0.904309 0.426192 0.0242151 -11.1829 -0.426012 0.904632 -0.0124017 4.95304 -0.0271913 0.000898974 0.99963 0.245533
0.906898 0.420586 0.0253476 -11.425 -0.420392 0.907252 -0.0128186 5.06894 -0.028388 0.000969208 0.999597 0.255283
0.909126 0.415793 0.0246266 -11.6871 -0.415539 0.909453 -0.0149085 5.18927 -0.0285956 0.00332035 0.999586 0.269032
0.911291 0.411212 0.0212925 -11.9494 -0.410846 0.911494 -0.0195941 5.30202 -0.0274653 0.00910797 0.999581 0.288939
0.913791 0.405564 0.0224318 -12.1934 -0.405175 0.914021 -0.019992 5.41385 -0.0286112 0.00917975 0.999548 0.298776
0.916256 0.3999 0.0235735 -12.4381 -0.399488 0.916512 -0.0203829 5.52416 -0.0297566 0.00925862 0.999514 0.308921
0.918683 0.394221 0.0247176 -12.6834 -0.393784 0.918968 -0.0207667 5.63294 -0.0309014 0.00934458 0.999479 0.319373
0.921074 0.388527 0.0258641 -12.9295 -0.388066 0.921389 -0.0211433 5.7402 -0.0320456 0.00943762 0.999442 0.330133
0.923429 0.382818 0.0270127 -13.1761 -0.382332 0.923775 -0.0215128 5.84592 -0.0331892 0.00953775 0.999404 0.3412
0.925747 0.377094 0.0281637 -13.4234 -0.376583 0.926125 -0.0218752 5.95011 -0.0343321 0.00964495 0.999364 0.352574
0.929042 0.369396 0.020687 -13.6975 -0.368937 0.929172 -0.0228981 6.06752 -0.0276802 0.0136411 0.999524 0.378286
0.932264 0.361297 0.0186682 -13.9638 -0.360944 0.932377 -0.0197837 6.17355 -0.0245536 0.0117055 0.99963 0.384622
0.93541 0.353175 0.0166222 -14.2311 -0.352915 0.935507 -0.0166866 6.27729 -0.0214435 0.00974263 0.999723 0.390061
0.938457 0.344963 0.0172941 -14.5028 -0.344787 0.938599 -0.0123865 6.38408 -0.0205051 0.00566143 0.999774 0.394563
0.999852 -0.0164752 -0.00502581 2.92245 0.0164917 0.999859 0.00326054 0.048225 0.00497139 -0.00334294 0.999982 0.0404371
0.999756 -0.0212784 -0.00595603 3.7244 0.0213015 0.999766 0.00384112 0.0878467 0.0058729 -0.00396706 0.999975 0.0534912
0.999639 -0.0261221 -0.00627664 4.51074 0.0261639 0.999635 0.00666691 0.103102 0.0061002 -0.00682873 0.999958 0.0618034
0.999535 -0.0301368 -0.00461169 5.30308 0.0301705 0.999517 0.00741329 0.125275 0.00438605 -0.00754898 0.999962 0.0611822
0.999385 -0.0349127 -0.00335171 6.09478 0.0349365 0.999363 0.00731457 0.15643 0.00309421 -0.00742717 0.999968 0.0723217
0.999286 -0.0377375 -0.00157157 6.93824 0.037747 0.999266 0.0065388 0.175485 0.00132365 -0.00659346 0.999977 0.0800663
0.999147 -0.0412711 -0.00146614 7.7517 0.0412782 0.999134 0.00517513 0.218336 0.00125129 -0.00523124 0.999986 0.0730116
0.999062 -0.0432733 -0.00178615 8.5652 0.043282 0.99905 0.00515053 0.260401 0.00156157 -0.005223 0.999985 0.0721504
0.999001 -0.0446069 -0.00273227 9.40641 0.0446211 0.998989 0.00538801 0.259033 0.00248916 -0.00550454 0.999982 0.0769854
0.998887 -0.0471533 -0.00101039 10.2679 0.047158 0.998873 0.00538882 0.312365 0.000755148 -0.00543047 0.999985 0.0833812
0.998791 -0.0491587 -0.000806883 11.1273 0.0491618 0.998781 0.00440664 0.356951 0.000589274 -0.00444098 0.99999 0.0867183
0.99872 -0.0505048 -0.0026573 12.0016 0.0505133 0.998718 0.00323644 0.409417 0.00249044 -0.00336652 0.999991 0.0807099
0.99865 -0.0515641 -0.00621462 12.8679 0.0515808 0.998666 0.00255432 0.466147 0.00607462 -0.00287142 0.999977 0.080881
0.998555 -0.0531353 -0.00799799 13.7365 0.0531782 0.998571 0.00526184 0.52767 0.00770697 -0.00567955 0.999954 0.0763019
0.998473 -0.0546262 -0.00824395 14.6201 0.0547 0.998462 0.00901711 0.596561 0.0077387 -0.00945429 0.999925 0.0979798
0.998423 -0.0558627 -0.00548033 15.5317 0.0559109 0.998394 0.00907787 0.654183 0.00496442 -0.00936997 0.999944 0.100214
0.998315 -0.0578352 -0.00478538 16.4355 0.0578706 0.998295 0.00761304 0.717377 0.00433692 -0.00787714 0.99996 0.0914284
0.998262 -0.0588118 -0.0036744 17.3351 0.0588382 0.998239 0.00753556 0.776103 0.00322475 -0.00773866 0.999965 0.113495
0.998183 -0.059938 -0.00621543 18.248 0.0599768 0.99818 0.00626528 0.828294 0.00582859 -0.00662668 0.999961 0.118999
0.998067 -0.0618045 -0.00643929 19.1757 0.0618447 0.998066 0.00623575 0.883453 0.00604144 -0.00662193 0.99996 0.119437
0.998041 -0.0623349 -0.00527056 20.1051 0.0623662 0.998035 0.00600822 0.939062 0.00488569 -0.00632516 0.999968 0.149611
0.997994 -0.0632561 -0.00244236 21.0526 0.0632725 0.997969 0.00733969 1.01403 0.00197312 -0.0074795 0.99997 0.149809
0.99805 -0.0624096 0.00120342 21.9878 0.0623968 0.998014 0.00867642 1.0707 -0.00174252 -0.00858441 0.999962 0.134579
0.99815 -0.0606822 0.0036734 22.9373 0.0606448 0.998114 0.00954011 1.1383 -0.00424538 -0.0092997 0.999948 0.135089
0.998209 -0.0594595 0.00657484 23.8901 0.0593847 0.998174 0.0110425 1.17826 -0.00721941 -0.0106323 0.999917 0.137806
0.998322 -0.0577876 0.00380949 24.8237 0.05775 0.998288 0.0093167 1.23831 -0.00434136 -0.00908106 0.999949 0.142256
0.998405 -0.0564632 0.000119639 25.775 0.0564595 0.998359 0.00955309 1.30009 -0.000658841 -0.00953109 0.999954 0.142007
0.998515 -0.054349 -0.00370904 26.7193 0.0543949 0.998426 0.0136592 1.36868 0.00296083 -0.0138407 0.9999 0.155048
0.998529 -0.0540825 -0.00392618 27.7051 0.0541306 0.998444 0.0134022 1.41818 0.00319525 -0.013595 0.999902 0.178046
0.998525 -0.0542652 -0.00176105 28.6728 0.0542817 0.998462 0.0113063 1.47898 0.0011448 -0.0113852 0.999935 0.206632
0.998466 -0.0553088 0.00274556 29.6654 0.0552765 0.998414 0.010684 1.53297 -0.00333212 -0.0105158 0.999939 0.184738
0.998408 -0.0562667 0.00401521 30.6464 0.0562567 0.998413 0.00254903 1.56982 -0.00415226 -0.00231909 0.999989 0.185853
0.998352 -0.057364 0.00152054 31.6304 0.0573668 0.998351 -0.00187374 1.63296 -0.00141055 0.00195788 0.999997 0.180306
0.998279 -0.0586317 -0.0014749 32.5993 0.0586278 0.998277 -0.00260397 1.69236 0.00162504 0.00251302 0.999996 0.187883
0.998144 -0.0608151 -0.00313953 33.5891 0.0608197 0.998148 0.00138429 1.75413 0.00304953 -0.00157266 0.999994 0.19381
0.998096 -0.0615072 -0.00460746 34.5813 0.0615448 0.998068 0.00854059 1.80445 0.00407325 -0.00880789 0.999953 0.204093
0.998061 -0.0622301 -0.00130825 35.5927 0.0622395 0.998019 0.00915702 1.88836 0.000735818 -0.00922069 0.999957 0.216112
0.997983 -0.0634739 0.000172792 36.5853 0.0634696 0.997941 0.00928766 1.96435 -0.000761961 -0.00925797 0.999957 0.221601
0.997878 -0.0650458 0.00300654 37.5868 0.0650041 0.997808 0.0123722 2.03247 -0.00380471 -0.0121505 0.999919 0.221746
0.997914 -0.0641486 0.00726979 38.5779 0.0640466 0.997856 0.0134905 2.1022 -0.00811959 -0.0129967 0.999883 0.240092
0.997828 -0.0652357 0.00919631 39.5949 0.0650846 0.997754 0.015873 2.17437 -0.0102111 -0.01524 0.999832 0.242232
0.997802 -0.0658289 0.00757315 40.5909 0.0656756 0.997661 0.018976 2.2416 -0.0088046 -0.0184369 0.999791 0.247442
0.99784 -0.0653939 0.00627144 41.5804 0.0652734 0.997708 0.0178128 2.31111 -0.00742192 -0.017365 0.999822 0.244543
0.997865 -0.0651578 0.00443592 42.5843 0.0650414 0.997625 0.022651 2.3864 -0.00590127 -0.0223142 0.999734 0.255431
0.997788 -0.0663554 0.00406015 43.5773 0.0662356 0.997498 0.0247144 2.47995 -0.00568993 -0.0243908 0.999686 0.254763
0.997724 -0.0671685 0.00599119 44.5605 0.0670308 0.997534 0.0208089 2.53184 -0.00737412 -0.0203599 0.999766 0.260157
0.99766 -0.0680678 0.00648539 45.5148 0.0679159 0.997463 0.0213112 2.61637 -0.00791955 -0.0208208 0.999752 0.252347
0.997614 -0.0688737 0.00476363 46.4983 0.068745 0.997362 0.0233065 2.6748 -0.00635627 -0.0229234 0.999717 0.252364
0.997585 -0.0694378 -0.0016681 47.4641 0.069457 0.997163 0.0290269 2.76857 -0.000352198 -0.0290727 0.999577 0.234873
0.997606 -0.0691172 -0.0023875 48.4265 0.0691582 0.997091 0.032052 2.84382 0.000165203 -0.0321404 0.999483 0.257838
0.99757 -0.0696635 -0.000863278 49.399 0.0696577 0.997111 0.030273 2.90846 -0.00124814 -0.0302595 0.999541 0.25818
0.99754 -0.0700498 0.00280225 50.3743 0.0699442 0.997157 0.0280193 2.98976 -0.00475703 -0.0277544 0.999603 0.26763
0.997521 -0.0702398 0.00420746 51.3483 0.0701033 0.997182 0.0267007 3.06278 -0.00607106 -0.0263396 0.999635 0.262452
0.997515 -0.0703525 0.00373338 52.3094 0.0702414 0.997233 0.0243593 3.12471 -0.00543678 -0.0240365 0.999696 0.289252
0.997474 -0.0709848 0.00245841 53.2727 0.0709184 0.997264 0.0208456 3.19925 -0.0039314 -0.0206186 0.99978 0.290178
0.997388 -0.0721828 0.00274424 54.2318 0.0721258 0.99725 0.0170531 3.27709 -0.00396764 -0.0168106 0.999851 0.281716
0.997288 -0.0733468 0.00609923 55.1932 0.073242 0.997187 0.0159248 3.325 -0.00725011 -0.0154349 0.999855 0.286207
0.997171 -0.0741883 0.0120917 56.1528 0.0740232 0.997164 0.0135728 3.38965 -0.0130643 -0.0126394 0.999835 0.316447
0.997121 -0.0742305 0.0154782 57.1088 0.0740131 0.997157 0.0141763 3.4613 -0.0164865 -0.0129899 0.99978 0.307964
0.997089 -0.0751665 0.0127734 58.0545 0.0749722 0.997072 0.015063 3.54777 -0.0138682 -0.0140615 0.999805 0.301332
0.997027 -0.0768754 0.00525657 58.9918 0.0767857 0.996926 0.0155581 3.6186 -0.00643645 -0.0151083 0.999865 0.29058
0.996968 -0.0778001 0.00113437 59.8923 0.0777728 0.996848 0.0156879 3.68654 -0.00235131 -0.0155521 0.999876 0.296207
0.996915 -0.0784921 -0.000639587 60.8071 0.0784855 0.996639 0.0234646 3.79664 -0.00120435 -0.0234424 0.999724 0.301521
0.996819 -0.0796667 0.0020819 61.6863 0.0795848 0.996481 0.0262999 3.86444 -0.0041698 -0.0260506 0.999652 0.307377
0.996705 -0.0810324 0.00349963 62.5599 0.0809138 0.996377 0.0261724 3.94677 -0.00560776 -0.025803 0.999651 0.326679
0.996617 -0.0821389 0.00289771 63.4335 0.0820367 0.996291 0.0259512 4.02633 -0.00501856 -0.0256257 0.999659 0.313486
0.996508 -0.083438 0.0031615 64.2962 0.0833174 0.996129 0.0280223 4.11048 -0.00548739 -0.0276611 0.999602 0.330026
0.996397 -0.0847543 0.00299891 65.1501 0.0846157 0.9959 0.0319912 4.19203 -0.00569801 -0.0316222 0.999484 0.337675
0.996263 -0.0863415 0.00213884 65.9832 0.0862379 0.995816 0.0302143 4.26177 -0.00473865 -0.029917 0.999541 0.349078
0.996158 -0.0875286 0.00279736 66.7974 0.0873826 0.995588 0.0341844 4.34206 -0.00577713 -0.0338086 0.999412 0.355224
0.996019 -0.0889 0.00652188 67.626 0.0885838 0.995316 0.0387133 4.42691 -0.00993295 -0.0379815 0.999229 0.35695
0.995946 -0.0894523 0.00945686 68.413 0.0890037 0.995214 0.0403297 4.49986 -0.0130192 -0.0393245 0.999142 0.357664
0.995694 -0.0918781 0.012321 69.1848 0.0912396 0.994811 0.045015 4.58927 -0.0163929 -0.043697 0.99891 0.362619
0.995618 -0.093034 0.00941609 69.9029 0.0925577 0.994807 0.0423402 4.65754 -0.0133063 -0.0412832 0.999059 0.346023
0.995527 -0.0944177 0.00347316 70.6373 0.0942129 0.994795 0.0388171 4.72813 -0.0071201 -0.0383162 0.99924 0.346941
0.995371 -0.0960491 -0.0031965 71.3793 0.0961007 0.994615 0.0388151 4.82192 -0.000548869 -0.0389426 0.999241 0.36086
0.995323 -0.0964814 -0.00491706 72.0652 0.0966031 0.99443 0.0421602 4.89991 0.000821996 -0.042438 0.999099 0.361448
0.995271 -0.0970878 -0.00298873 72.7333 0.0971223 0.994208 0.0460238 4.96488 -0.00149693 -0.0460965 0.998936 0.376453
0.995171 -0.0981446 -0.00119021 73.3876 0.0981017 0.994203 0.0440121 5.03111 -0.00313624 -0.0439164 0.99903 0.363615
0.995055 -0.0992793 -0.00302188 74.0251 0.0993221 0.994323 0.0381753 5.08248 -0.000785293 -0.0382867 0.999267 0.379306
0.995072 -0.09888 -0.0074041 74.6419 0.0990633 0.9946 0.030929 5.12932 0.00430586 -0.0315101 0.999494 0.390405
0.995108 -0.0981029 -0.0116706 75.2455 0.0984 0.994741 0.0284176 5.18281 0.00882139 -0.029427 0.999528 0.410543
0.995447 -0.0946314 -0.0114247 75.8018 0.0949625 0.994929 0.0331379 5.25004 0.00823087 -0.0340719 0.999385 0.418133
0.995833 -0.09063 -0.0101661 76.3618 0.0909406 0.995204 0.0360302 5.32553 0.00685189 -0.0368045 0.999299 0.416897
0.996291 -0.0857919 -0.00663033 76.9261 0.0859598 0.995796 0.0316295 5.36804 0.00388891 -0.0320821 0.999478 0.409193
0.996741 -0.08056 -0.00417879 77.486 0.080653 0.996223 0.032171 5.40812 0.00157131 -0.0324032 0.999474 0.432495
0.997374 -0.072414 0.0012973 78.0132 0.072345 0.996949 0.0293182 5.43379 -0.00341639 -0.0291474 0.999569 0.44578
0.998082 -0.0618998 0.000969394 78.5198 0.0618467 0.997675 0.0286405 5.47182 -0.00273998 -0.0285256 0.999589 0.470734
0.99888 -0.0473029 -0.00077783 79.0508 0.0473025 0.998322 0.0334142 5.50432 -0.000804066 -0.0334136 0.999441 0.46226
0.99957 -0.0293042 -0.0004689 79.5203 0.0293009 0.998848 0.0379892 5.52323 -0.000644884 -0.0379866 0.999278 0.461991
0.999978 -0.00664277 -0.000930382 80.0037 0.00667371 0.999234 0.0385635 5.53143 0.000673501 -0.0385688 0.999256 0.459991
0.999823 0.0187488 0.00133678 80.4668 -0.0187835 0.999244 0.0340466 5.51487 -0.000697434 -0.0340657 0.999419 0.465935
0.998781 0.0492089 0.00376238 80.9009 -0.0493083 0.998209 0.0338732 5.49887 -0.00208877 -0.0340174 0.999419 0.487895
0.996682 0.0811791 0.0059865 81.3282 -0.0813381 0.996089 0.0345042 5.44144 -0.00316207 -0.0348766 0.999387 0.487943
0.992995 0.117904 0.00768194 81.7481 -0.1181 0.992406 0.0344024 5.37299 -0.00356742 -0.0350686 0.999379 0.491703
0.987122 0.159821 0.0069162 82.1668 -0.159964 0.986537 0.0340004 5.28711 -0.00138912 -0.0346689 0.999398 0.502951
0.978753 0.204955 0.0060558 82.5652 -0.205041 0.978163 0.033979 5.20538 0.00104058 -0.0344987 0.999404 0.511491
0.967147 0.254175 0.0046525 82.9537 -0.25418 0.966525 0.0349504 5.09563 0.00438676 -0.0349848 0.999378 0.520898
0.952141 0.305632 0.00402895 83.3317 -0.305567 0.951453 0.0369692 4.97227 0.0074656 -0.036431 0.999308 0.519368
0.932798 0.36037 0.00465658 83.689 -0.360285 0.932097 0.0372785 4.8129 0.00909366 -0.036451 0.999294 0.517942
0.908753 0.417322 0.00317288 84.0356 -0.417165 0.908142 0.0353689 4.63989 0.0118788 -0.0334652 0.999369 0.52175
0.880116 0.474754 0.00208955 84.3728 -0.474509 0.879501 0.0363154 4.44568 0.0154031 -0.0329533 0.999338 0.535847
0.847662 0.530537 0.000115754 84.6904 -0.530215 0.84714 0.0350024 4.23158 0.018472 -0.0297316 0.999387 0.54793
0.811218 0.584742 0.00129857 84.9722 -0.584418 0.810689 0.0351928 3.96985 0.019526 -0.0293079 0.99938 0.557132
0.771493 0.636235 0.00196449 85.2456 -0.63595 0.771048 0.0324571 3.70437 0.0191356 -0.0262897 0.999471 0.565794
0.729211 0.684276 0.00406506 85.5257 -0.684016 0.728741 0.0325438 3.42443 0.0193066 -0.0265119 0.999462 0.584601
0.684815 0.728709 0.00341322 85.7799 -0.728445 0.684424 0.030527 3.12933 0.0199092 -0.0233917 0.999528 0.590114
0.639532 0.768764 0.000737002 85.9999 -0.768477 0.639265 0.0279897 2.80507 0.0210464 -0.0184667 0.999608 0.59793
0.592837 0.80532 -0.00205 86.1948 -0.805001 0.59267 0.026762 2.4859 0.0227669 -0.0142152 0.99964 0.620334
0.54677 0.837281 -0.00182071 86.3929 -0.836977 0.546627 0.0258523 2.16584 0.0226409 -0.0126113 0.999664 0.634279
0.499473 0.86633 0.000201802 86.5595 -0.865968 0.499257 0.0290159 1.85544 0.0250366 -0.0146674 0.999579 0.652991
0.454266 0.890866 0.000450666 86.728 -0.890486 0.454057 0.0294376 1.52181 0.0260204 -0.0137738 0.999566 0.66874
0.412002 0.91118 -0.002252 86.8853 -0.910738 0.411877 0.0302322 1.16308 0.0284745 -0.0104047 0.99954 0.658207
0.372204 0.92806 -0.0130073 87.0099 -0.927791 0.372414 0.0226241 0.780282 0.0258406 0.00364724 0.999659 0.669031
0.336445 0.941589 -0.0146513 87.1193 -0.941457 0.336672 0.0176052 0.408518 0.0215096 0.00787038 0.999738 0.699283
0.302839 0.952958 -0.0126536 87.2166 -0.952784 0.30304 0.0192334 0.0307837 0.0221632 0.00623153 0.999735 0.72885
0.27129 0.962479 -0.00598521 87.3343 -0.962125 0.271353 0.0261288 -0.343233 0.0267725 -0.00132996 0.999641 0.752519
0.243444 0.969913 -0.0021088 87.4351 -0.969452 0.243395 0.030353 -0.714344 0.029953 -0.00534487 0.999537 0.756891
0.217981 0.975945 -0.00389065 87.5256 -0.975428 0.217992 0.0319315 -1.10395 0.0320115 -0.0031654 0.999483 0.75545
0.193287 0.981116 -0.0071943 87.6074 -0.980578 0.193419 0.0325057 -1.51101 0.0332834 0.000771644 0.999446 0.760156
0.172015 0.984989 -0.0144044 87.68 -0.984319 0.172441 0.0371505 -1.90547 0.0390767 0.00778807 0.999206 0.773697
0.151967 0.988226 -0.0177858 87.7228 -0.987354 0.152606 0.0429486 -2.31651 0.0451572 0.0110341 0.998919 0.770961
0.134375 0.990835 -0.0137754 87.7948 -0.989891 0.134858 0.0439342 -2.75579 0.0453893 0.0077325 0.998939 0.78125
0.118445 0.992912 -0.00985168 87.861 -0.992121 0.118746 0.0399321 -3.23246 0.0408189 0.00504432 0.999154 0.808771
0.104067 0.994501 -0.0117301 87.8931 -0.993772 0.104449 0.0388249 -3.72623 0.0398366 0.00761663 0.999177 0.830095
0.0911143 0.995776 -0.0113592 87.9308 -0.995196 0.0914598 0.0349269 -4.20135 0.0358183 0.00812231 0.999325 0.828184
0.0786954 0.996821 -0.0124441 87.9681 -0.996283 0.0790794 0.0341667 -4.68504 0.0350422 0.00970909 0.999339 0.852827
0.0676794 0.997613 -0.0136914 88.012 -0.997069 0.0681204 0.0348204 -5.18764 0.0356699 0.0112946 0.9993 0.883402
0.0604937 0.998077 -0.0135466 88.0283 -0.997484 0.0609491 0.036204 -5.71716 0.03696 0.0113224 0.999253 0.924749
0.0545993 0.998264 -0.0221052 88.056 -0.9978 0.0553809 0.0364423 -6.27217 0.0376032 0.0200669 0.999091 0.944757
0.0497113 0.998432 -0.0257254 88.0787 -0.998037 0.0506413 0.0368568 -6.83476 0.0381018 0.0238427 0.998989 0.960645
0.0442219 0.998749 -0.023334 88.0969 -0.998245 0.0450964 0.0383882 -7.41217 0.0393924 0.0215955 0.99899 0.981485
0.0396342 0.998996 -0.020906 88.1234 -0.998445 0.040416 0.0384029 -7.99867 0.0392092 0.0193514 0.999044 1.00581
0.0350451 0.999215 -0.0184778 88.1472 -0.998623 0.0357346 0.0384061 -8.58529 0.0390363 0.0171064 0.999091 1.03002
0.0324484 0.999371 -0.0142839 88.1829 -0.998715 0.0329773 0.0384927 -9.2091 0.0389396 0.0130165 0.999157 1.06464
0.0299963 0.999494 -0.010569 88.2173 -0.998819 0.0303769 0.0379091 -9.849 0.0382109 0.00941935 0.999225 1.0877
0.0290641 0.999402 -0.018751 88.2342 -0.998853 0.029752 0.0375112 -10.5765 0.0380466 0.0176392 0.99912 1.10279
0.0290631 0.99931 -0.0231093 88.264 -0.99885 0.0299159 0.0374537 -11.2907 0.0381192 0.0219942 0.999031 1.14505
0.03199 0.999233 -0.0225858 88.3 -0.998744 0.03283 0.0378564 -11.9755 0.0385689 0.0213464 0.999028 1.17949
0.0362771 0.999106 -0.0216952 88.3235 -0.998628 0.0370628 0.0369807 -12.6797 0.0377517 0.0203239 0.99908 1.19115
0.0402566 0.999047 -0.0168703 88.3544 -0.998461 0.0408662 0.0374984 -13.41 0.0381521 0.0153348 0.999154 1.21704
0.0439484 0.998821 -0.0206197 88.3852 -0.998341 0.044677 0.0363173 -14.1617 0.0371957 0.0189894 0.999128 1.2491
0.0483708 0.998564 -0.0230188 88.4085 -0.998154 0.0491728 0.035653 -14.9775 0.0367337 0.0212517 0.999099 1.28378
0.0526578 0.998326 -0.023912 88.463 -0.997962 0.0534729 0.0348346 -15.7655 0.0360549 0.022029 0.999107 1.311
0.056128 0.998285 -0.0166176 88.4899 -0.997851 0.0566516 0.0329234 -16.557 0.0338084 0.014734 0.99932 1.33832
0.0616652 0.997958 -0.01662 88.5509 -0.997489 0.0622 0.033857 -17.3409 0.0348217 0.0144905 0.999288 1.35706
0.066637 0.997674 -0.014336 88.6151 -0.997085 0.0671189 0.0362795 -18.1361 0.0371573 0.0118767 0.999239 1.3885
0.0672886 0.997697 -0.00849409 88.684 -0.996935 0.0675729 0.0394342 -18.9488 0.0399174 0.00581458 0.999186 1.42504
0.0679561 0.997685 -0.00265396 88.7533 -0.996775 0.0680075 0.0425912 -19.7613 0.0426731 -0.000248937 0.999089 1.46374
0.0673774 0.997715 -0.00499455 88.8143 -0.996762 0.0675316 0.0436456 -20.5825 0.0438832 0.00203765 0.999035 1.50215
0.0672064 0.997733 -0.00349771 88.8896 -0.996836 0.0672943 0.0423103 -21.4219 0.0424498 0.000643115 0.999098 1.54546
0.0669559 0.997755 -0.001312 88.9627 -0.996948 0.0669546 0.0401554 -22.2397 0.0401531 -0.00138065 0.999193 1.60595
0.0669597 0.997751 0.00299137 89.0317 -0.997025 0.0667957 0.038461 -23.0579 0.0381747 -0.00555781 0.999256 1.6125
0.0669549 0.997729 0.00729469 89.1006 -0.997099 0.0666438 0.0367657 -23.876 0.0361961 -0.00973518 0.999297 1.61736
0.0669417 0.997689 0.0115979 89.1693 -0.99717 0.0664992 0.0350697 -24.6941 0.0342174 -0.0139127 0.999318 1.62055
0.066646 0.997614 0.0180084 89.2143 -0.997143 0.0659495 0.0368372 -25.5178 0.0355616 -0.020412 0.999159 1.66858
0.063246 0.997857 0.0167632 89.2822 -0.997289 0.0625592 0.0387371 -26.3486 0.0376054 -0.0191677 0.999109 1.72247
0.0601399 0.997989 0.0200108 89.3426 -0.997529 0.0593587 0.0375796 -27.1903 0.0363162 -0.0222214 0.999093 1.77425
0.0541885 0.998316 0.0207095 89.404 -0.997992 0.0534663 0.0339666 -28.016 0.0328021 -0.0225085 0.999208 1.80265
0.0482327 0.998607 0.0213866 89.4606 -0.998407 0.047573 0.0303491 -28.8422 0.0292894 -0.0228163 0.999311 1.82814
0.0410534 0.998814 0.0261703 89.4794 -0.998788 0.0403127 0.0282283 -29.6838 0.0271398 -0.0272975 0.999259 1.83169
0.0340091 0.999138 0.0237846 89.5202 -0.998946 0.0332494 0.0316379 -30.4459 0.0308198 -0.0248355 0.999216 1.88553
0.0232625 0.999485 0.022113 89.5363 -0.999246 0.0225576 0.0316093 -31.2743 0.0310942 -0.0228317 0.999256 1.90847
0.0124863 0.999676 0.0221736 89.5612 -0.999423 0.0117764 0.0318584 -32.1051 0.0315869 -0.0225586 0.999246 1.95134
0.00237334 0.999767 0.0214615 89.5633 -0.999521 0.00170922 0.0309093 -32.904 0.0308654 -0.0215246 0.999292 1.994
-0.00730133 0.99975 0.0211179 89.591 -0.999511 -0.0079385 0.0302475 -33.6864 0.0304076 -0.0208867 0.999319 2.02911
-0.0178483 0.999688 0.0174598 89.5858 -0.999356 -0.0183805 0.0308146 -34.4748 0.0311259 -0.0168986 0.999373 2.07671
-0.0295361 0.999395 0.0183761 89.5713 -0.999102 -0.030076 0.0298338 -35.2558 0.0303684 -0.0174784 0.999386 2.0887
-0.0403298 0.998979 0.0203587 89.543 -0.998727 -0.040921 0.029508 -36.0236 0.030311 -0.0191427 0.999357 2.12213
-0.0514654 0.998513 0.0180048 89.4985 -0.998209 -0.0519837 0.029617 -36.7975 0.0305089 -0.0164483 0.999399 2.14308
-0.0609583 0.997988 0.0174627 89.4701 -0.997609 -0.0614873 0.0315558 -37.5597 0.032566 -0.0154974 0.999349 2.17979
-0.0703834 0.997275 0.0220939 89.4147 -0.996985 -0.0710539 0.031191 -38.3219 0.0326759 -0.019832 0.999269 2.21195
-0.0797493 0.996614 0.020007 89.3417 -0.996263 -0.0803568 0.0316572 -39.0541 0.0331577 -0.0174076 0.999299 2.24588
-0.0886481 0.995821 0.0219595 89.2646 -0.995499 -0.089318 0.0316794 -39.7737 0.0335084 -0.0190524 0.999257 2.2887
-0.0956199 0.995095 0.0253719 89.1997 -0.994887 -0.0963702 0.0302066 -40.525 0.0325035 -0.0223538 0.999222 2.31655
-0.100125 0.994718 0.0225892 89.1362 -0.99451 -0.100747 0.0282819 -41.2452 0.0304083 -0.0196334 0.999345 2.33625
-0.104337 0.994451 0.0134453 89.0579 -0.994126 -0.104674 0.027525 -41.9584 0.0287797 -0.0104945 0.999531 2.36294
-0.106909 0.994204 0.0113373 88.9712 -0.993877 -0.10718 0.026837 -42.6764 0.0278966 -0.00839877 0.999576 2.39503
-0.109285 0.993984 0.00726879 88.8754 -0.993638 -0.109442 0.0265717 -43.3684 0.0272073 -0.00431864 0.99962 2.43576
-0.109915 0.99394 0.00175446 88.8094 -0.993601 -0.109923 0.0259621 -44.0472 0.0259976 0.00111038 0.999661 2.4424
-0.108364 0.994103 0.00412292 88.7393 -0.99368 -0.108438 0.0290064 -44.6761 0.0292824 -0.000953618 0.999571 2.46918
-0.105344 0.994427 0.00421047 88.6635 -0.993938 -0.105424 0.0312032 -45.3308 0.0314732 -0.000897879 0.999504 2.49453
-0.100028 0.994984 0.00153214 88.6038 -0.994468 -0.100025 0.0320592 -45.9635 0.0320516 0.00168315 0.999485 2.51708
-0.0925223 0.995707 0.00280828 88.5332 -0.995191 -0.0925647 0.032031 -46.5824 0.0321534 0.000168793 0.999483 2.5571
-0.0812122 0.996658 0.00881372 88.4889 -0.996169 -0.0814538 0.0318244 -47.1804 0.0324359 -0.00619543 0.999455 2.58214
-0.0675915 0.997692 0.006515 88.4705 -0.997152 -0.0677711 0.0330902 -47.7459 0.0334554 -0.00425983 0.999431 2.59725
-0.0502683 0.998724 0.0047934 88.4767 -0.998095 -0.0504074 0.0355778 -48.2717 0.035774 -0.00299583 0.999355 2.60958
-0.0300742 0.999535 0.00496942 88.4771 -0.99884 -0.0302396 0.037465 -48.8147 0.0375979 -0.00383693 0.999286 2.62399
-0.00503159 0.999965 0.00668617 88.4931 -0.999172 -0.0052973 0.0403334 -49.3484 0.0403674 -0.00647769 0.999164 2.63852
0.022278 0.999727 0.00705211 88.5189 -0.998919 0.0219711 0.0409535 -49.8889 0.0407874 -0.00795685 0.999136 2.65643
0.0547976 0.998419 0.0125306 88.5631 -0.997628 0.0542218 0.0424181 -50.3895 0.0416716 -0.0148253 0.999021 2.67251
0.091725 0.99572 0.0113258 88.6441 -0.99501 0.0911992 0.0404753 -50.9184 0.0392692 -0.0149819 0.999116 2.70338
0.132618 0.991108 0.0108717 88.7486 -0.990562 0.132146 0.0363859 -51.4266 0.0346257 -0.0155946 0.999279 2.74015
0.17848 0.983826 0.0152151 88.8582 -0.983542 0.177944 0.0313116 -51.9472 0.0280978 -0.0205532 0.999394 2.75545
0.226686 0.97377 0.0196233 89.0096 -0.973687 0.226091 0.0285611 -52.4648 0.0233753 -0.0255814 0.999399 2.77585
