0.999993 -0.00330822 -0.00151741 0.685235 0.00330417 0.999991 -0.00264867 -0.000442654 0.00152616 0.00264364 0.999995 0.0104331
0.999982 -0.00536672 -0.00269234 1.54332 0.00536099 0.999984 -0.00214323 0.0460919 0.0027038 0.00212874 0.999994 0.0331696
0.999965 -0.0074242 -0.00386922 2.4014 0.0074179 0.999971 -0.00164269 0.0926235 0.00388131 0.00161392 0.999991 0.0559045
0.999942 -0.00948014 -0.0050478 3.25928 0.00947447 0.999955 -0.00114718 0.139143 0.00505845 0.00109929 0.999987 0.0786327
0.999914 -0.0115354 -0.00622861 4.11736 0.0115316 0.999933 -0.00065648 0.185671 0.00623577 0.000584597 0.99998 0.101365
0.99988 -0.0135894 -0.00741128 4.9754 0.0135885 0.999908 -0.00017073 0.232195 0.00741291 6.99945e-05 0.999973 0.124095
0.999841 -0.0156419 -0.00859561 5.83326 0.0156451 0.999878 0.000309991 0.278707 0.0085897 -0.00044442 0.999963 0.146818
0.999796 -0.0176933 -0.00978187 6.69115 0.0177018 0.999843 0.000785789 0.325219 0.00976643 -0.000958787 0.999952 0.169541
0.999745 -0.0197439 -0.0109702 7.54918 0.0197589 0.999804 0.00125672 0.371735 0.0109432 -0.00147316 0.999939 0.192267
0.999689 -0.0217938 -0.0121607 8.40743 0.0218164 0.999761 0.00172282 0.418262 0.0121202 -0.00198759 0.999925 0.214996
0.999627 -0.0238421 -0.0133527 9.26548 0.0238734 0.999713 0.00218385 0.464776 0.0132968 -0.00250181 0.999909 0.237719
0.999559 -0.0258887 -0.0145463 10.1233 0.0259298 0.99966 0.0026398 0.511275 0.014473 -0.00301582 0.999891 0.260435
0.999486 -0.0279345 -0.0157419 10.9813 0.0279866 0.999604 0.00309089 0.557784 0.0156493 -0.00352986 0.999871 0.283154
0.999407 -0.0299792 -0.0169393 11.8393 0.0300432 0.999543 0.003537 0.604288 0.0168255 -0.00404382 0.99985 0.305872
0.999346 -0.031895 -0.0170242 12.6944 0.0319403 0.999487 0.002391 0.649807 0.0169392 -0.0029332 0.999852 0.327408
0.999234 -0.0340579 -0.0192859 13.5548 0.0341476 0.999408 0.00433875 0.697224 0.0191267 -0.00499399 0.999805 0.351237
0.999121 -0.0356889 -0.0219629 14.4231 0.0358101 0.999346 0.00514646 0.746184 0.0217649 -0.00592844 0.999746 0.375148
0.999005 -0.0375907 -0.0240038 15.3019 0.037809 0.999247 0.00870009 0.80128 0.0236586 -0.009599 0.999674 0.400595
0.998955 -0.0389634 -0.0238965 16.1911 0.0392123 0.999181 0.010033 0.853981 0.023486 -0.0109596 0.999664 0.426178
0.998928 -0.04058 -0.0222538 17.0893 0.0408064 0.999119 0.00981484 0.907405 0.0218359 -0.0107124 0.999704 0.453044
0.998896 -0.0421046 -0.0208275 17.994 0.0423202 0.999054 0.0100216 0.957967 0.0203859 -0.0108919 0.999733 0.478768
0.998856 -0.0433056 -0.0202728 18.9039 0.0435065 0.999008 0.00957555 1.0123 0.019838 -0.0104466 0.999749 0.502915
0.998767 -0.0450124 -0.0209355 19.8172 0.0452228 0.99893 0.00968105 1.06456 0.0204773 -0.0106159 0.999734 0.527022
0.998692 -0.0461344 -0.0220236 20.7338 0.0463225 0.998894 0.00810637 1.11754 0.0216252 -0.00911596 0.999725 0.551494
0.998683 -0.0469665 -0.0206358 21.6593 0.0471345 0.998859 0.00773287 1.16987 0.0202491 -0.00869535 0.999757 0.575831
0.998753 -0.0470135 -0.0168198 22.592 0.047176 0.998843 0.00939325 1.22655 0.0163587 -0.010175 0.999815 0.602939
0.998842 -0.0462951 -0.0131251 23.5285 0.0464314 0.998869 0.0102752 1.28136 0.0126346 -0.0108728 0.999861 0.63078
0.998937 -0.0449202 -0.0103891 24.4699 0.0450181 0.998942 0.00938499 1.33301 0.00995654 -0.00984271 0.999902 0.654001
0.999011 -0.043498 -0.00924416 25.4146 0.0435831 0.999008 0.00920624 1.38461 0.00883453 -0.00960002 0.999915 0.673173
0.999039 -0.042277 -0.0115306 26.3615 0.0423865 0.999057 0.00941651 1.43571 0.0111216 -0.00989621 0.999889 0.691188
0.999009 -0.0412603 -0.0166894 27.3133 0.0414362 0.999088 0.0103355 1.48723 0.0162477 -0.0110168 0.999807 0.71069
0.998993 -0.0400275 -0.0202751 28.2711 0.0402317 0.999143 0.00976316 1.53657 0.0198669 -0.010569 0.999747 0.731885
0.999041 -0.0393002 -0.0192912 29.2386 0.0394497 0.999194 0.00742809 1.58383 0.0189837 -0.008182 0.999786 0.756223
0.999113 -0.039572 -0.0144235 30.2139 0.0396572 0.999197 0.00566281 1.63156 0.0141878 -0.00622979 0.99988 0.77985
0.999128 -0.0405014 -0.0101899 31.1929 0.0405291 0.999175 0.00252721 1.67934 0.0100792 -0.002938 0.999945 0.802935
0.999086 -0.0415732 -0.00994021 32.1714 0.0415239 0.999125 -0.00511826 1.7191 0.0101443 0.00470082 0.999938 0.821559
0.998973 -0.0431712 -0.0137341 33.1505 0.0430624 0.999039 -0.00813308 1.76586 0.014072 0.0075333 0.999873 0.837881
0.998836 -0.0446881 -0.0181498 34.1337 0.0445565 0.998978 -0.0075959 1.82004 0.0184707 0.00677837 0.999807 0.858324
0.998719 -0.0465925 -0.0197174 35.1416 0.0464625 0.998896 -0.00700379 1.87848 0.020022 0.00607869 0.999781 0.892102
0.998709 -0.0476704 -0.0175677 36.1969 0.0475535 0.998844 -0.00701532 1.94208 0.0178818 0.00617084 0.999821 0.950723
0.998707 -0.0486842 -0.0146159 37.24 0.048633 0.99881 -0.00383756 2.00925 0.0147854 0.00312178 0.999886 1.00122
0.998659 -0.0499637 -0.0135474 38.2823 0.0499206 0.998747 -0.00350256 2.07475 0.0137054 0.00282156 0.999902 1.04991
0.998634 -0.050989 -0.0113881 39.3151 0.0509616 0.998697 -0.00268834 2.1388 0.0115103 0.00210431 0.999932 1.08923
0.998664 -0.0511106 -0.00754575 40.351 0.0510879 0.998689 -0.00318427 2.20381 0.0076986 0.00279452 0.999967 1.12826
0.998651 -0.051566 -0.00613929 41.3727 0.0515823 0.998666 0.00252994 2.2778 0.00600063 -0.00284321 0.999978 1.15647
0.998655 -0.0515247 -0.00577059 42.3944 0.051545 0.998665 0.00341649 2.34824 0.00558685 -0.00370935 0.999978 1.18434
0.998637 -0.0516603 -0.0074174 43.405 0.0516843 0.998659 0.00307032 2.414 0.00724884 -0.0034495 0.999968 1.20652
0.998624 -0.051421 -0.0102839 44.4099 0.0514776 0.99866 0.00530619 2.485 0.00999723 -0.00582828 0.999933 1.23308
0.998575 -0.0523076 -0.0105991 45.4101 0.0523661 0.998614 0.00530643 2.5495 0.0103068 -0.0058539 0.99993 1.26372
0.998519 -0.05365 -0.00898604 46.4098 0.0536817 0.998553 0.00331439 2.61101 0.00879521 -0.00379187 0.999954 1.29198
0.99848 -0.0545222 -0.00803492 47.4046 0.0545522 0.998505 0.0035426 2.67813 0.00782975 -0.00397554 0.999961 1.3223
0.998447 -0.054789 -0.0101172 48.39 0.0548535 0.998475 0.00621314 2.75005 0.00976134 -0.00675846 0.99993 1.35061
0.998343 -0.055459 -0.0153493 49.368 0.0555664 0.998433 0.00665633 2.8206 0.0149561 -0.00749822 0.99986 1.3763
0.998298 -0.0559306 -0.0165331 50.3486 0.0560535 0.998403 0.00705934 2.88764 0.0161118 -0.00797406 0.999838 1.40157
0.998325 -0.0562734 -0.0134322 51.3301 0.0563683 0.998387 0.00679118 2.95247 0.0130284 -0.00753696 0.999887 1.43418
0.998343 -0.056626 -0.0102427 52.3059 0.0566709 0.998384 0.00415583 3.01588 0.00999083 -0.00472941 0.999939 1.46143
0.998336 -0.0569263 -0.00914305 53.2766 0.0569545 0.998373 0.00284876 3.08033 0.008966 -0.00336476 0.999954 1.48704
0.998321 -0.057101 -0.00975909 54.2389 0.0571024 0.998369 -0.000138998 3.14198 0.0097511 -0.000418508 0.999952 1.50942
0.998272 -0.0576615 -0.0113011 55.2027 0.0576249 0.998332 -0.00353999 3.19937 0.0114864 0.00288264 0.99993 1.53114
0.998212 -0.0588406 -0.0105126 56.1608 0.0587897 0.998258 -0.00509084 3.26107 0.0107938 0.0044637 0.999932 1.55297
0.998183 -0.0599455 -0.00609575 57.1235 0.0598974 0.998174 -0.00779698 3.32189 0.00655201 0.00741769 0.999951 1.57263
0.998168 -0.0604982 -0.000562634 58.0846 0.0604902 0.998124 -0.00945307 3.38898 0.00113346 0.00940171 0.999955 1.58746
0.998134 -0.0610333 0.00166216 59.0362 0.0610448 0.998103 -0.0080497 3.4615 -0.00116771 0.00813614 0.999966 1.60154
0.998043 -0.0625314 -0.000847798 59.977 0.0625246 0.998022 -0.0065854 3.52933 0.00125791 0.0065195 0.999978 1.61733
0.997909 -0.064011 -0.00898052 60.9017 0.063964 0.997938 -0.00542848 3.59226 0.00930948 0.00484269 0.999945 1.63268
0.997766 -0.065089 -0.0150752 61.8173 0.0650234 0.997872 -0.00479699 3.65351 0.0153554 0.00380602 0.999875 1.65276
0.997691 -0.0663154 -0.014637 62.7278 0.066327 0.997798 0.000299962 3.72624 0.0145849 -0.00127009 0.999893 1.67664
0.997667 -0.0671838 -0.0120912 63.6265 0.0672331 0.997731 0.0037075 3.79453 0.0118147 -0.00451178 0.99992 1.7057
0.997595 -0.068533 -0.0104022 64.5103 0.0686037 0.997622 0.00659331 3.86329 0.0099256 -0.00729108 0.999924 1.73448
0.9975 -0.0697622 -0.0112886 65.3788 0.0698405 0.997536 0.00669056 3.92886 0.0107941 -0.00746224 0.999914 1.75753
0.997393 -0.0713746 -0.0106177 66.2346 0.0714621 0.997411 0.00809742 3.99698 0.0100123 -0.00883508 0.999911 1.78027
0.997291 -0.0728686 -0.0100635 67.0769 0.0729633 0.997291 0.00937997 4.06458 0.0093527 -0.0100888 0.999905 1.80478
0.997181 -0.0744832 -0.00909599 67.9066 0.0745672 0.997173 0.0092752 4.13008 0.00837943 -0.00992731 0.999916 1.82784
0.997076 -0.0759487 -0.00838826 68.7245 0.076022 0.997068 0.00879055 4.19472 0.00769603 -0.00940254 0.999926 1.8483
0.996984 -0.0773455 -0.0063051 69.528 0.077412 0.996938 0.0110686 4.26282 0.00542969 -0.0115233 0.999919 1.86868
0.996908 -0.0785476 -0.0019569 70.323 0.0785665 0.996825 0.0129716 4.3318 0.000931794 -0.0130853 0.999914 1.88717
0.996761 -0.0804201 -0.00012864 71.1001 0.0804126 0.996642 0.0154316 4.39513 -0.00111281 -0.015392 0.999881 1.90886
0.996629 -0.0819507 -0.00370962 71.8527 0.0820056 0.996462 0.0183978 4.46432 0.00218877 -0.01864 0.999824 1.93025
0.996477 -0.0831302 -0.0111204 72.584 0.0833317 0.99634 0.0190718 4.52972 0.00949423 -0.0199313 0.999756 1.95149
0.996275 -0.084598 -0.0167063 73.2963 0.0848956 0.996228 0.0179872 4.59366 0.0151216 -0.0193385 0.999699 1.96925
0.996191 -0.0850635 -0.019183 73.9924 0.0854193 0.996173 0.0185514 4.65882 0.0175315 -0.0201194 0.999644 1.99083
0.996179 -0.0858022 -0.0162596 74.6692 0.0861338 0.996064 0.0209324 4.72509 0.0143995 -0.0222529 0.999649 2.01825
0.996113 -0.0870944 -0.0131285 75.3251 0.0873693 0.995932 0.022061 4.7865 0.0111537 -0.0231223 0.999671 2.05085
0.995961 -0.0884229 -0.0155657 75.9574 0.0887154 0.995872 0.0192274 4.84094 0.0138013 -0.0205307 0.999694 2.07749
0.99587 -0.0886249 -0.0197012 76.5706 0.0888605 0.995979 0.0114194 4.8866 0.0186099 -0.0131229 0.999741 2.10133
0.995826 -0.087808 -0.0249204 77.1644 0.0880059 0.996096 0.00695562 4.93497 0.0242124 -0.00911974 0.999665 2.12747
0.996046 -0.0849787 -0.0259011 77.7461 0.0852159 0.996329 0.00819253 4.98875 0.0251098 -0.0103673 0.999631 2.15325
0.996439 -0.0810545 -0.0232475 78.3161 0.0813924 0.996584 0.0139767 5.04448 0.0220352 -0.0158191 0.999632 2.18057
0.996862 -0.0765933 -0.0199662 78.8714 0.0768593 0.996959 0.0129094 5.0867 0.0189166 -0.0144035 0.999717 2.20439
0.997315 -0.0715306 -0.0156735 79.4151 0.0716722 0.997391 0.00866092 5.11491 0.015013 -0.00976102 0.99984 2.22944
0.997901 -0.0637952 -0.0111045 79.9457 0.0638506 0.997949 0.00470531 5.1407 0.0107815 -0.00540446 0.999927 2.2548
0.998501 -0.0535321 -0.0114422 80.4583 0.0536147 0.998537 0.00703367 5.1687 0.0110489 -0.0076366 0.99991 2.27507
0.99917 -0.0389386 -0.0119257 80.9592 0.0390884 0.999157 0.0125946 5.20062 0.0114252 -0.0130503 0.99985 2.29374
0.999716 -0.021023 -0.0112103 81.4476 0.0212195 0.999618 0.0176982 5.21944 0.0108339 -0.017931 0.999781 2.31092
0.999946 0.000229526 -0.0103617 81.9221 -5.45825e-05 0.999858 0.0168768 5.21549 0.0103641 -0.0168754 0.999804 2.32556
0.999632 0.0256026 -0.00898858 82.3837 -0.02548 0.999584 0.0134922 5.19338 0.00933028 -0.0132582 0.999869 2.34194
0.998502 0.0542488 -0.00706976 82.8366 -0.0541612 0.99846 0.0120385 5.15885 0.00771194 -0.0116376 0.999903 2.35756
0.99625 0.0863786 -0.00504575 83.2825 -0.086315 0.9962 0.0116738 5.11145 0.00603493 -0.0111945 0.999919 2.3722
0.992429 0.122761 -0.00370794 83.7192 -0.12271 0.992375 0.0116081 5.04576 0.00510467 -0.0110652 0.999926 2.38484
0.986594 0.163161 -0.00307482 84.1474 -0.163115 0.986536 0.0118361 4.96403 0.00496462 -0.0111759 0.999925 2.39529
0.978317 0.207102 -0.00235876 84.563 -0.207062 0.978259 0.0115741 4.86086 0.0047045 -0.0108348 0.99993 2.40744
0.967043 0.254597 -0.00273724 84.9629 -0.254537 0.966966 0.0137 4.73804 0.00613481 -0.0125518 0.999902 2.42208
0.951983 0.30612 -0.00425793 85.3476 -0.30603 0.951908 0.0147477 4.59287 0.00856772 -0.0127365 0.999882 2.43583
0.932783 0.360401 -0.00519672 85.715 -0.360293 0.93272 0.014922 4.42523 0.010225 -0.0120467 0.999875 2.44556
0.909348 0.415997 -0.0057958 86.0642 -0.415872 0.909291 0.0155332 4.23675 0.0117318 -0.0117147 0.999863 2.45233
0.881395 0.47233 -0.00684052 86.394 -0.472186 0.881356 0.0159122 4.02802 0.0135447 -0.0107949 0.99985 2.45822
0.849097 0.528161 -0.00897057 86.7015 -0.528022 0.849113 0.0141633 3.79582 0.0150976 -0.00728938 0.99986 2.46608
0.813438 0.581575 -0.00948404 86.9909 -0.581442 0.813474 0.013593 3.54873 0.0156204 -0.00554265 0.999863 2.47788
0.774754 0.632209 -0.0082529 87.2639 -0.632111 0.774788 0.0118429 3.28434 0.0138814 -0.00395856 0.999896 2.489
0.733376 0.679806 -0.00495525 87.5212 -0.679733 0.733377 0.0110283 3.00148 0.0111312 -0.00471964 0.999927 2.49621
0.689711 0.724074 -0.00393317 87.7575 -0.724019 0.689712 0.00965674 2.70496 0.00970494 -0.00381268 0.999946 2.50142
0.644469 0.764604 -0.00633581 87.9693 -0.764561 0.6445 0.00810807 2.38983 0.0102829 -0.000381299 0.999947 2.50551
0.598934 0.800721 -0.0110854 88.1597 -0.800729 0.599007 0.00485545 2.06526 0.0105281 0.00596828 0.999927 2.51064
0.553532 0.832767 -0.0100322 88.3385 -0.83276 0.553601 0.00608132 1.73627 0.0106182 0.0049882 0.999931 2.51837
0.507494 0.861633 -0.00612884 88.5078 -0.86159 0.507531 0.00869926 1.39902 0.0106061 0.000865714 0.999943 2.52462
0.463137 0.886273 -0.0050081 88.6595 -0.886212 0.463164 0.0103911 1.05165 0.0115289 -0.00037427 0.999933 2.53001
0.42175 0.906651 -0.0105532 88.7841 -0.906635 0.421837 0.00815366 0.695236 0.0118442 0.00612907 0.999911 2.53414
0.383135 0.923412 -0.0227487 88.8868 -0.923649 0.383239 0.000233723 0.322681 0.00893401 0.0209223 0.999741 2.53431
0.348423 0.936939 -0.0273412 88.9864 -0.93732 0.348446 -0.00407454 -0.0492176 0.00570933 0.0270471 0.999618 2.53645
0.316159 0.948352 -0.0259241 89.0931 -0.948678 0.316244 -0.000865595 -0.420767 0.00737746 0.0248673 0.999664 2.54116
0.285532 0.958227 -0.016518 89.2037 -0.958308 0.285666 0.00637854 -0.79287 0.0108307 0.0140081 0.999843 2.55317
0.257153 0.96631 -0.0108723 89.2995 -0.966278 0.257268 0.0109665 -1.1744 0.0133941 0.00768559 0.999881 2.56846
0.231933 0.972657 -0.0120477 89.3762 -0.972614 0.23208 0.0126644 -1.57136 0.0151142 0.00878048 0.999847 2.57907
0.208435 0.977872 -0.0179287 89.4368 -0.977894 0.208682 0.0132376 -1.97816 0.016686 0.0147732 0.999752 2.58622
0.188137 0.981756 -0.0275643 89.4855 -0.981859 0.188683 0.0187497 -2.3982 0.0236085 0.0235368 0.999444 2.57793
0.168508 0.985221 -0.0307203 89.5405 -0.985205 0.16933 0.0264328 -2.82505 0.031244 0.0258116 0.999178 2.57159
0.150837 0.988156 -0.0282118 89.5997 -0.988038 0.151623 0.0281454 -3.27038 0.0320896 0.0236289 0.999206 2.57889
0.13557 0.990473 -0.0241694 89.6547 -0.990418 0.136131 0.0232609 -3.7352 0.0263294 0.0207843 0.999437 2.59735
0.121083 0.992365 -0.0234764 89.6965 -0.992394 0.121548 0.0194957 -4.20987 0.0222003 0.0209372 0.999534 2.61552
0.107612 0.993876 -0.0251025 89.7297 -0.994 0.108055 0.0170057 -4.69606 0.0196141 0.0231219 0.99954 2.63046
0.0957372 0.994996 -0.0285934 89.755 -0.995234 0.0962169 0.0158924 -5.19461 0.018564 0.0269356 0.999465 2.6412
0.0852153 0.995855 -0.0317893 89.7772 -0.996183 0.085763 0.0162785 -5.70822 0.0189374 0.0302808 0.999362 2.65229
0.0765666 0.996487 -0.0339356 89.7986 -0.996876 0.0771702 0.0168448 -6.23756 0.0194044 0.0325399 0.999282 2.66417
0.0704728 0.996878 -0.0355997 89.8186 -0.997323 0.0711133 0.0170537 -6.78439 0.0195321 0.0343026 0.999221 2.67493
0.0645956 0.997223 -0.0370497 89.8388 -0.997702 0.0652984 0.0180839 -7.34707 0.020453 0.0357964 0.99915 2.68362
0.0582221 0.997605 -0.0373396 89.8589 -0.998079 0.0589628 0.019049 -7.93018 0.021205 0.0361588 0.999121 2.69108
0.0535213 0.99778 -0.0396249 89.8758 -0.998344 0.0543054 0.0189821 -8.53439 0.0210918 0.0385433 0.999034 2.70117
0.0499518 0.997898 -0.0412879 89.8854 -0.998535 0.0507603 0.0187693 -9.15345 0.0208256 0.0402898 0.998971 2.71044
0.0464614 0.998025 -0.0422689 89.8974 -0.998713 0.0472719 0.0183792 -9.79226 0.0203411 0.0413606 0.998937 2.72137
0.0432888 0.998105 -0.0437381 89.9033 -0.99887 0.0440995 0.0177426 -10.4487 0.0196378 0.0429206 0.998886 2.73163
0.0417957 0.997964 -0.0481744 89.9076 -0.998939 0.0426741 0.017351 -11.1212 0.0193715 0.0473981 0.998688 2.74177
0.0419241 0.997762 -0.0520869 89.9087 -0.998937 0.0428604 0.0169899 -11.8092 0.0191844 0.0513193 0.998498 2.75072
0.0435739 0.997581 -0.0541585 89.9168 -0.998866 0.0445429 0.0168162 -12.5159 0.0191879 0.0533643 0.998391 2.76087
0.0466226 0.997302 -0.0566958 89.9292 -0.998718 0.0476586 0.017058 -13.2388 0.019714 0.0558279 0.998246 2.77223
0.0503347 0.997069 -0.0576154 89.9445 -0.998536 0.0513845 0.0168858 -13.9794 0.0197968 0.0566811 0.998196 2.7845
0.054173 0.996787 -0.0590059 89.9689 -0.998363 0.0551557 0.0151536 -14.7372 0.0183594 0.0580884 0.998143 2.80123
0.0581074 0.996559 -0.0591126 89.9985 -0.998164 0.0590126 0.0136817 -15.5087 0.017123 0.058209 0.998158 2.81894
0.0622517 0.996468 -0.0563671 90.0383 -0.997947 0.0629991 0.0115767 -16.2973 0.0150869 0.0555306 0.998343 2.83492
0.0663041 0.996268 -0.055262 90.0797 -0.9977 0.0669771 0.0104135 -17.0918 0.0140759 0.0544445 0.998418 2.84993
0.0702458 0.996123 -0.0529637 90.1271 -0.997416 0.0709393 0.0113249 -17.8943 0.0150382 0.0520313 0.998532 2.8672
0.0734782 0.995985 -0.0511283 90.1781 -0.997129 0.0743088 0.0145337 -18.6992 0.0182747 0.0499136 0.998586 2.88715
0.074686 0.996139 -0.0461418 90.235 -0.996915 0.0757047 0.0207367 -19.508 0.0241498 0.0444507 0.99872 2.90757
0.0742818 0.99628 -0.043687 90.2875 -0.996873 0.0753682 0.0237645 -20.3226 0.0269687 0.0417851 0.998763 2.92836
0.0743462 0.996378 -0.0412644 90.3399 -0.996864 0.0753799 0.0240831 -21.1408 0.0271063 0.0393445 0.998858 2.957
0.0743403 0.996504 -0.0381311 90.3933 -0.996937 0.0751956 0.0215056 -21.9606 0.0242977 0.0364156 0.999041 2.98974
0.0742003 0.996486 -0.0388587 90.4411 -0.996962 0.0750493 0.0208627 -22.7786 0.0237057 0.0371926 0.999027 3.01966
0.0744136 0.996552 -0.0366962 90.4899 -0.996974 0.0751735 0.0197788 -23.5967 0.0224692 0.0351134 0.999131 3.05039
0.0740977 0.996637 -0.0350023 90.5363 -0.997002 0.0748184 0.0197432 -24.4135 0.0222957 0.0334344 0.999192 3.08425
0.0741479 0.996717 -0.0325215 90.5869 -0.996983 0.0748401 0.0206072 -25.2267 0.0229735 0.0308954 0.999259 3.1143
0.0729275 0.996898 -0.0296005 90.6368 -0.997049 0.073588 0.0218668 -26.0388 0.0239772 0.0279185 0.999323 3.14378
0.0702063 0.997176 -0.0266559 90.6866 -0.99725 0.0707975 0.0219191 -26.8507 0.0237444 0.0250438 0.999404 3.17378
0.0664245 0.997507 -0.0238062 90.7324 -0.997544 0.066921 0.0206961 -27.6626 0.0222377 0.022373 0.999502 3.20415
0.0616476 0.997869 -0.0213887 90.7751 -0.997908 0.0620405 0.0182152 -28.4757 0.0195034 0.020221 0.999605 3.23568
0.0554129 0.998282 -0.0190288 90.8104 -0.998321 0.0557177 0.0158716 -29.2883 0.0169046 0.0181173 0.999693 3.26547
0.0479896 0.998682 -0.0181766 90.8369 -0.998712 0.0482755 0.015628 -30.097 0.0164849 0.0174032 0.999713 3.29327
0.039249 0.999078 -0.0174068 90.8564 -0.999081 0.0395378 0.0165699 -30.9003 0.0172428 0.0167405 0.999711 3.31866
0.0291241 0.999418 -0.017741 90.8637 -0.999418 0.0294303 0.0172464 -31.7029 0.0177585 0.0172284 0.999694 3.34316
0.0188856 0.999649 -0.0185937 90.864 -0.999682 0.0191911 0.0163887 -32.5019 0.0167398 0.0182782 0.999693 3.3688
0.00811353 0.999815 -0.0174421 90.858 -0.999855 0.00837315 0.0148611 -33.2954 0.0150044 0.017319 0.999738 3.39451
-0.00304798 0.999827 -0.0183459 90.8405 -0.999898 -0.00279083 0.0140263 -34.0886 0.0139727 0.0183868 0.999733 3.4161
-0.0141957 0.999727 -0.0185378 90.814 -0.999806 -0.0139391 0.0139012 -34.8761 0.013639 0.0187315 0.999732 3.43724
-0.0253233 0.999509 -0.0184501 90.7804 -0.999582 -0.0250583 0.014455 -35.6566 0.0139856 0.0188084 0.999725 3.45898
-0.0361444 0.999186 -0.0179185 90.7392 -0.999237 -0.035869 0.0154607 -36.433 0.0148054 0.0184637 0.99972 3.47984
-0.0465592 0.998746 -0.0183953 90.6894 -0.998795 -0.046259 0.0164221 -37.2016 0.0155506 0.0191377 0.999696 3.49988
-0.056201 0.998239 -0.0190073 90.6317 -0.998291 -0.0558784 0.0170941 -37.9621 0.0160019 0.0199356 0.999673 3.52063
-0.0658707 0.997639 -0.0194324 90.5656 -0.997697 -0.0655342 0.0174742 -38.7148 0.0161594 0.0205387 0.999658 3.54255
-0.075401 0.996956 -0.019831 90.4953 -0.997026 -0.0750581 0.0174987 -39.4599 0.015957 0.0210915 0.99965 3.56304
-0.0841327 0.996233 -0.0210194 90.4164 -0.996336 -0.083778 0.0172198 -40.1968 0.0153939 0.0223911 0.999631 3.58435
-0.0916525 0.995536 -0.0225332 90.3323 -0.995696 -0.0913068 0.0159249 -40.926 0.0137964 0.0238958 0.999619 3.60548
-0.0970213 0.994958 -0.0253883 90.2437 -0.995211 -0.096678 0.0144226 -41.6446 0.0118954 0.026666 0.999574 3.62806
-0.101075 0.994469 -0.0285427 90.1529 -0.994832 -0.100749 0.0126524 -42.3581 0.00970684 0.029674 0.999513 3.64659
-0.104013 0.994109 -0.0304799 90.0637 -0.994543 -0.10371 0.0113551 -43.0603 0.00812709 0.0314947 0.999471 3.66338
-0.105817 0.993901 -0.0310241 89.9769 -0.994359 -0.105534 0.0106359 -43.7461 0.007297 0.0319746 0.999462 3.67967
-0.10689 0.993774 -0.0314302 89.8914 -0.994244 -0.106603 0.0106763 -44.42 0.00725928 0.0323905 0.999449 3.69499
-0.106351 0.993803 -0.0323322 89.8068 -0.994294 -0.106019 0.0118324 -45.0757 0.00833125 0.0334061 0.999407 3.70976
-0.103679 0.99405 -0.033386 89.7266 -0.994565 -0.103293 0.0131003 -45.7141 0.00957382 0.0345627 0.999357 3.72448
-0.098965 0.994526 -0.0335176 89.6544 -0.995035 -0.0985454 0.0139525 -46.3359 0.0105732 0.034732 0.999341 3.73962
-0.0914726 0.995263 -0.0329163 89.5927 -0.995742 -0.0910368 0.0145047 -46.9379 0.0114394 0.0341029 0.999353 3.75548
-0.0808482 0.996209 -0.03211 89.5394 -0.996652 -0.0804058 0.0148387 -47.5222 0.0122006 0.0332022 0.999374 3.77238
-0.0675907 0.997203 -0.0318905 89.4956 -0.997631 -0.0671394 0.0150153 -48.0863 0.0128322 0.0328298 0.999379 3.7898
-0.0510584 0.998216 -0.0309597 89.4682 -0.998587 -0.0505696 0.0163697 -48.6302 0.0147749 0.0317517 0.999387 3.8068
-0.0307762 0.999078 -0.0299416 89.4562 -0.999362 -0.0302136 0.0190591 -49.1654 0.0181369 0.0305091 0.99937 3.82761
-0.00710768 0.999566 -0.0285837 89.4581 -0.99973 -0.00647084 0.022309 -49.6931 0.0221143 0.0287346 0.999342 3.84895
0.0206011 0.999411 -0.0274337 89.473 -0.999481 0.0212673 0.0242158 -50.2182 0.024785 0.0269205 0.99933 3.86895
0.05287 0.998247 -0.026592 89.5052 -0.99827 0.05352 0.0243551 -50.7404 0.0257356 0.0252583 0.99935 3.88962
0.0899743 0.995594 -0.0264221 89.5559 -0.995639 0.0905719 0.0223598 -51.258 0.0246544 0.0242951 0.999401 3.91115
0.131355 0.991014 -0.0252593 89.631 -0.991084 0.131853 0.0191584 -51.7696 0.0223167 0.0225176 0.999497 3.93427
0.175598 0.984194 -0.0229489 89.7304 -0.984285 0.175961 0.0148795 -52.272 0.0186825 0.0199755 0.999626 3.95741
0.222986 0.974634 -0.019117 89.8533 -0.974695 0.223231 0.0117771 -52.7692 0.0157459 0.0160071 0.999748 3.98103
0.273443 0.961757 -0.0159083 90.0066 -0.961778 0.273625 0.0105976 -53.2483 0.0145452 0.0124024 0.999817 4.00567
0.326872 0.944945 -0.0152955 90.1804 -0.94495 0.327045 0.0105965 -53.7105 0.0150155 0.0109897 0.999827 4.02498
0.383508 0.92334 -0.0191153 90.3745 -0.923368 0.383752 0.0112085 -54.1559 0.0176848 0.0133519 0.999754 4.04424
0.442204 0.896624 -0.0228462 90.5956 -0.896617 0.44257 0.0144891 -54.5774 0.0231023 0.0140772 0.999634 4.06388
0.500725 0.865144 -0.0282907 90.8424 -0.865092 0.501287 0.0180973 -54.9787 0.0298385 0.0154123 0.999436 4.08424
0.558074 0.829279 -0.0291604 91.1211 -0.829055 0.558714 0.0225092 -55.3547 0.0349587 0.0116138 0.999321 4.10336
0.613202 0.789367 -0.0297135 91.4255 -0.788973 0.613876 0.0260333 -55.7081 0.0387903 0.00747945 0.999219 4.12294
0.665725 0.745516 -0.0318846 91.7507 -0.745033 0.666465 0.027381 -56.0405 0.0416629 0.00552684 0.999117 4.14421
0.714664 0.698672 -0.0333567 92.0962 -0.698211 0.715426 0.0258133 -56.3512 0.0418993 0.00484215 0.99911 4.16857
0.76016 0.648998 -0.0309491 92.4637 -0.648619 0.760784 0.0223706 -56.6372 0.038064 0.00306892 0.999271 4.19483
0.802163 0.596514 -0.0265691 92.8515 -0.596254 0.802601 0.0176776 -56.8958 0.0318693 0.0016616 0.999491 4.22232
0.839363 0.543125 -0.0220172 93.2589 -0.542922 0.839652 0.0148495 -57.1253 0.0265519 -0.000510474 0.999647 4.24792
0.871468 0.490167 -0.0167274 93.6817 -0.490032 0.871627 0.0116758 -57.3337 0.0203031 -0.00197814 0.999792 4.26966
0.898017 0.439823 -0.0110539 94.1198 -0.439705 0.898068 0.0116097 -57.5175 0.0150334 -0.00556529 0.999872 4.29247
0.919152 0.393829 -0.00771235 94.5675 -0.393714 0.919141 0.0130447 -57.679 0.0122261 -0.00895356 0.999885 4.31091
0.935393 0.353598 -0.00295459 95.033 -0.353486 0.935253 0.0187194 -57.8183 0.00938243 -0.0164656 0.999821 4.32247
0.947913 0.318509 -0.00366807 95.4983 -0.318346 0.947693 0.0231226 -57.9451 0.010841 -0.0207505 0.999726 4.32842
0.957837 0.287279 -0.00443923 95.9712 -0.28708 0.957566 0.0255429 -58.0677 0.0115888 -0.0231915 0.999664 4.33362
0.964476 0.264083 -0.00682521 96.4454 -0.263906 0.964343 0.0199357 -58.1947 0.0118465 -0.0174262 0.999778 4.34221
0.968694 0.248153 -0.00719999 96.9269 -0.248007 0.968612 0.0168569 -58.3148 0.0111571 -0.0145436 0.999832 4.35588
0.971884 0.235359 -0.00694113 97.4206 -0.235178 0.971739 0.0203593 -58.4247 0.0115367 -0.0181545 0.999769 4.36402
0.974177 0.225715 -0.00561061 97.9284 -0.225502 0.973901 0.0257968 -58.531 0.0112869 -0.0238654 0.999651 4.36601
0.975586 0.21955 -0.00538808 98.4436 -0.219262 0.975115 0.0327843 -58.635 0.0124518 -0.0308025 0.999448 4.37442
0.976199 0.216735 -0.00786979 98.9681 -0.216277 0.975553 0.0390127 -58.7431 0.0161328 -0.0363821 0.999208 4.3879
0.976375 0.215865 -0.00965007 99.5004 -0.215306 0.975684 0.041034 -58.8597 0.0182732 -0.0379869 0.999111 4.40576
0.975867 0.218003 -0.0125711 100.042 -0.217348 0.975259 0.0403649 -58.9849 0.0210598 -0.0366585 0.999106 4.42235
0.974805 0.222169 -0.0199124 100.591 -0.221298 0.974442 0.0386145 -59.1181 0.0279824 -0.033235 0.999056 4.43471
0.973719 0.226343 -0.0253105 101.15 -0.225303 0.973534 0.038357 -59.2521 0.0333224 -0.0316464 0.998944 4.44837
0.972731 0.230733 -0.0235735 101.731 -0.229596 0.972334 0.0430438 -59.384 0.032853 -0.0364577 0.998795 4.46898
0.971506 0.236283 -0.0186177 102.326 -0.235226 0.970827 0.0465218 -59.5193 0.0290669 -0.0408169 0.998744 4.49232
0.970414 0.241014 -0.0144765 102.929 -0.240189 0.969732 0.0439331 -59.6724 0.0246268 -0.0391562 0.99893 4.51612
0.969582 0.244585 -0.00946312 103.543 -0.244042 0.96896 0.039504 -59.8351 0.0188315 -0.035993 0.999175 4.53898
0.968761 0.247944 -0.00506705 104.167 -0.2476 0.968167 0.036695 -59.9998 0.0140041 -0.0342941 0.999314 4.55992
0.967956 0.251074 -0.00475255 104.798 -0.250797 0.9675 0.0323338 -60.1687 0.0127163 -0.0301058 0.999466 4.57595
0.967782 0.251647 -0.0084135 105.434 -0.251318 0.967477 0.0287695 -60.343 0.0153796 -0.0257282 0.999551 4.59198
0.967769 0.251405 -0.0147792 106.079 -0.250938 0.967605 0.0277697 -60.5157 0.0212819 -0.023166 0.999505 4.60873
0.967762 0.250848 -0.0226027 106.734 -0.250163 0.96776 0.0293013 -60.6847 0.0292242 -0.0227023 0.999315 4.62591
0.968227 0.248683 -0.0263266 107.407 -0.247793 0.968252 0.0329627 -60.855 0.033688 -0.0253918 0.99911 4.64469
0.968957 0.246173 -0.0228388 108.097 -0.245407 0.968896 0.0318646 -61.0314 0.0299726 -0.0252707 0.999231 4.66659
0.969541 0.244372 -0.0164773 108.803 -0.243873 0.969416 0.0275444 -61.2139 0.0227045 -0.0226871 0.999485 4.69413
0.97026 0.24188 -0.00943868 109.52 -0.241547 0.97 0.0274758 -61.3929 0.0158014 -0.0243788 0.999578 4.7225
0.970724 0.240032 -0.0089293 110.243 -0.239665 0.970376 0.030507 -61.5662 0.0159874 -0.0274738 0.999495 4.74502
0.971128 0.238241 -0.0122748 110.973 -0.237668 0.970666 0.0363491 -61.7358 0.0205746 -0.0323824 0.999264 4.76413
0.971894 0.234763 -0.017569 111.712 -0.233988 0.971508 0.0377165 -61.914 0.0259228 -0.0325455 0.999134 4.78256
0.972781 0.230746 -0.0212936 112.464 -0.229873 0.972516 0.0370272 -62.0943 0.0292523 -0.0311245 0.999087 4.80399
0.973689 0.226971 -0.0203299 113.231 -0.226185 0.973455 0.035019 -62.2766 0.0277386 -0.0294993 0.99918 4.83041
0.974537 0.223344 -0.0198972 114.007 -0.222686 0.974405 0.0307704 -62.4612 0.0262603 -0.0255561 0.999328 4.85957
0.975027 0.221411 -0.0173018 114.797 -0.220857 0.974869 0.0291973 -62.6447 0.0233316 -0.024647 0.999424 4.88924
0.97542 0.21982 -0.0153151 115.606 -0.219381 0.97529 0.026103 -62.8299 0.0206746 -0.0221016 0.999542 4.91438
0.975591 0.219072 -0.0151305 116.416 -0.218742 0.975561 0.0208216 -63.0194 0.0193221 -0.0170037 0.999669 4.93842
0.97575 0.218464 -0.0136448 117.235 -0.218149 0.975681 0.0214157 -63.2031 0.0179915 -0.0179197 0.999678 4.96455
0.975624 0.218979 -0.014375 118.055 -0.218563 0.975478 0.0259587 -63.3805 0.0197069 -0.0221841 0.99956 4.99005
0.97544 0.219664 -0.016275 118.88 -0.219072 0.975184 0.0319871 -63.558 0.0228976 -0.0276361 0.999356 5.01498
0.975249 0.220528 -0.0160456 119.71 -0.219762 0.974747 0.0396722 -63.7362 0.0243892 -0.0351641 0.999084 5.03917
0.974694 0.22312 -0.0137417 120.548 -0.222269 0.973861 0.0468095 -63.9144 0.0238266 -0.0425706 0.998809 5.06773
0.974003 0.22631 -0.0100949 121.388 -0.225547 0.97295 0.0499757 -64.0996 0.0211318 -0.0463996 0.9987 5.09896
0.973426 0.22876 -0.0104862 122.228 -0.227966 0.972362 0.0504451 -64.2949 0.0217362 -0.0467141 0.998672 5.12798
0.972893 0.23085 -0.0137219 123.068 -0.229905 0.971906 0.0504192 -64.4908 0.0249757 -0.0458977 0.998634 5.15242
0.972676 0.231717 -0.0144519 123.924 -0.230914 0.97201 0.0433105 -64.6969 0.0240831 -0.03879 0.998957 5.16992
0.972573 0.232034 -0.0162133 124.773 -0.23133 0.972185 0.0366618 -64.9057 0.0242691 -0.0319057 0.999196 5.19268
0.972229 0.233445 -0.0165856 125.621 -0.23277 0.971903 0.0349836 -65.1078 0.0242863 -0.0301515 0.99925 5.21857
0.972016 0.234497 -0.0139713 126.472 -0.233831 0.971529 0.0381366 -65.3032 0.0225165 -0.0338024 0.999175 5.24218
0.971868 0.235382 -0.00830948 127.325 -0.234886 0.971217 0.0395687 -65.4997 0.017384 -0.0365037 0.999182 5.2652
0.971677 0.236308 -0.00121001 128.174 -0.236039 0.970792 0.0430113 -65.6982 0.0113386 -0.0415075 0.999074 5.29275
0.971339 0.237586 -0.00727037 128.995 -0.237076 0.970557 0.0425942 -65.9047 0.0171761 -0.0396498 0.999066 5.32518
0.970988 0.238132 -0.0217883 129.803 -0.237165 0.970665 0.0395347 -66.1205 0.0305636 -0.0332203 0.998981 5.35886
0.970725 0.237753 -0.0341366 130.612 -0.236555 0.970962 0.0357136 -66.3392 0.0416364 -0.0265929 0.998779 5.39392
0.971131 0.236814 -0.0287144 131.439 -0.235828 0.971203 0.0339191 -66.5521 0.03592 -0.0261682 0.999012 5.4329
0.971857 0.235439 -0.00795727 132.282 -0.235138 0.97156 0.02795 -66.7648 0.0143115 -0.0252923 0.999578 5.47367
0.972173 0.234069 0.00955942 133.118 -0.234237 0.971866 0.0246828 -66.9749 -0.003513 -0.0262352 0.99965 5.51337
0.972353 0.233457 0.00528703 133.927 -0.233514 0.971976 0.027094 -67.1786 0.0011864 -0.0275795 0.999619 5.53127
0.972558 0.232488 -0.00894249 134.722 -0.232051 0.972075 0.0349564 -67.3772 0.0168197 -0.0319221 0.999349 5.5376
0.972668 0.231493 -0.0181219 135.52 -0.230744 0.972346 0.036051 -67.583 0.0259663 -0.0308842 0.999186 5.54644
0.973062 0.229611 -0.0207057 136.323 -0.228888 0.972915 0.032364 -67.7925 0.027576 -0.0267529 0.999262 5.57219
0.973751 0.226957 -0.0173199 137.133 -0.226337 0.973527 0.0318823 -67.9857 0.0240973 -0.0271253 0.999342 5.59811
0.974512 0.223517 -0.0191255 137.934 -0.222861 0.974343 0.0314561 -68.1735 0.0256658 -0.026392 0.999322 5.61202
0.975532 0.218807 -0.021471 138.73 -0.218078 0.975411 0.031889 -68.36 0.0279206 -0.0264264 0.999261 5.6219
0.976254 0.21575 -0.019485 139.53 -0.214955 0.975946 0.0363898 -68.534 0.0268674 -0.0313373 0.999148 5.64246
0.976696 0.213691 -0.0200047 140.328 -0.212703 0.976182 0.042727 -68.7054 0.0286586 -0.0374762 0.998887 5.65993
0.977149 0.211862 -0.0171297 141.129 -0.210929 0.976473 0.0448376 -68.8809 0.026226 -0.0401999 0.998847 5.68364
0.977538 0.210371 -0.0127971 141.929 -0.209657 0.976833 0.0429136 -69.061 0.0215284 -0.0392667 0.998997 5.70753
0.977822 0.209068 -0.0124691 142.723 -0.208394 0.977157 0.041664 -69.2389 0.0208948 -0.0381415 0.999054 5.7311
0.978287 0.206592 -0.0165532 143.515 -0.20581 0.97778 0.0398735 -69.4121 0.0244229 -0.0356009 0.999068 5.75318
0.979139 0.20216 -0.0204601 144.299 -0.201363 0.978873 0.0355056 -69.586 0.0272056 -0.030645 0.99916 5.77141
0.980385 0.195714 -0.0232805 145.092 -0.194931 0.980289 0.0321881 -69.7505 0.0291213 -0.0270186 0.999211 5.79469
0.98178 0.189049 -0.0192119 145.893 -0.188407 0.981601 0.0310398 -69.9034 0.0247265 -0.0268546 0.999334 5.82188
0.983078 0.182875 -0.0106612 146.698 -0.182505 0.982779 0.0289401 -70.0534 0.01577 -0.0265047 0.999524 5.85023
0.983922 0.178578 -0.00255419 147.504 -0.178463 0.983641 0.0245245 -70.1942 0.00689192 -0.0236744 0.999696 5.86932
0.98465 0.174518 0.00266504 148.305 -0.174515 0.984161 0.0311778 -70.321 0.00281823 -0.0311643 0.99951 5.88518
0.985409 0.170196 -0.00156827 149.098 -0.170041 0.984826 0.0346921 -70.4447 0.00744894 -0.0339192 0.999397 5.89865
0.986481 0.163441 -0.0119013 149.885 -0.162939 0.98601 0.0351461 -70.5746 0.0174791 -0.0327318 0.999311 5.90975
0.987417 0.156971 -0.0191656 150.679 -0.156304 0.987177 0.0324052 -70.7025 0.0240065 -0.0290018 0.999291 5.92047
0.988445 0.150353 -0.01926 151.485 -0.149721 0.988246 0.0308714 -70.8242 0.0236752 -0.027631 0.999338 5.94028
0.98965 0.142766 -0.0145017 152.301 -0.142143 0.989137 0.0374572 -70.9306 0.0196918 -0.0350082 0.999193 5.96782
0.990727 0.135066 -0.0147087 153.112 -0.134323 0.989992 0.043284 -71.0284 0.0204077 -0.0409069 0.998955 5.99002
0.991899 0.125415 -0.0201801 153.918 -0.124384 0.991163 0.0460971 -71.1303 0.025783 -0.0432136 0.998733 6.00901
0.992874 0.116837 -0.0234539 154.727 -0.115711 0.992277 0.0446989 -71.2292 0.0284952 -0.0416665 0.998725 6.02444
0.993818 0.108772 -0.0222282 155.545 -0.107702 0.993178 0.0446953 -71.3197 0.0269382 -0.042025 0.998753 6.04406
0.994782 0.100883 -0.0151882 156.37 -0.100059 0.993838 0.0476896 -71.3922 0.0199057 -0.0459211 0.998747 6.06265
0.995641 0.0928049 -0.00927821 157.198 -0.0922215 0.994448 0.0506767 -71.4567 0.0139297 -0.0496001 0.998672 6.08429
0.996351 0.085165 -0.00560633 158.021 -0.0847801 0.995143 0.0500347 -71.521 0.0098403 -0.0493768 0.998732 6.10335
0.996885 0.0787586 -0.00419966 158.843 -0.0784521 0.995667 0.0499242 -71.5829 0.00811342 -0.0494392 0.998744 6.11996
0.997216 0.0743612 -0.00547141 159.664 -0.0740019 0.996034 0.0493995 -71.6389 0.00912311 -0.0488571 0.998764 6.13725
0.997477 0.0700607 -0.0114167 160.481 -0.0693544 0.996153 0.0535725 -71.6868 0.0151261 -0.0526456 0.998499 6.15545
0.997631 0.0667418 -0.0166683 161.297 -0.0656203 0.996003 0.0606012 -71.7231 0.0206463 -0.0593639 0.998023 6.17048
0.997735 0.0641306 -0.0202945 162.116 -0.0627734 0.996123 0.0616301 -71.7613 0.0241682 -0.0602166 0.997893 6.18368
0.998041 0.060857 -0.0144976 162.95 -0.0598248 0.996199 0.0633206 -71.8023 0.018296 -0.0623293 0.997888 6.19803
0.99828 0.058398 -0.00508649 163.79 -0.0579418 0.996177 0.0653831 -71.8367 0.00888528 -0.0649759 0.997847 6.21117
0.998488 0.0548777 0.00312851 164.626 -0.0549644 0.996287 0.0662721 -71.8729 0.000519972 -0.0663439 0.997797 6.22513
0.998738 0.0502127 0.000836264 165.449 -0.0501626 0.99667 0.0642927 -71.9099 0.00239483 -0.0642535 0.997931 6.23415
0.998944 0.0452019 -0.00818662 166.263 -0.0446954 0.997538 0.0540406 -71.9555 0.0106092 -0.0536176 0.998505 6.24029
0.999134 0.0384223 -0.01596 167.08 -0.0376091 0.998117 0.0484578 -71.9919 0.0177918 -0.0478156 0.998698 6.24169
0.999397 0.0315357 -0.014516 167.907 -0.0307374 0.99816 0.0522732 -72.0065 0.0161378 -0.0517955 0.998527 6.24864
0.999663 0.024033 -0.00980423 168.741 -0.0235089 0.99845 0.0504599 -72.0216 0.0110017 -0.0502124 0.998678 6.26049
0.99985 0.0165084 -0.00527893 169.578 -0.0162464 0.998795 0.0463186 -72.0395 0.00603721 -0.0462259 0.998913 6.271
0.999938 0.0106466 -0.0031958 170.418 -0.0105178 0.999226 0.0379225 -72.0551 0.00359707 -0.0378866 0.999276 6.27661
0.999987 0.00454888 -0.0024159 171.261 -0.00446569 0.999434 0.0333623 -72.063 0.00256629 -0.0333511 0.99944 6.28568
0.999968 -0.00154329 -0.00785614 172.097 0.00177762 0.999551 0.0299117 -72.062 0.00780644 -0.0299247 0.999522 6.29466
0.999801 -0.00865393 -0.0179598 172.926 0.00905223 0.999712 0.0222135 -72.0614 0.0177624 -0.0223717 0.999592 6.3
0.999547 -0.0158797 -0.0255429 173.758 0.0161469 0.999817 0.0102891 -72.0652 0.0253748 -0.0106969 0.999621 6.31123
0.999598 -0.0221489 -0.0177054 174.609 0.0223703 0.999673 0.0123984 -72.0449 0.017425 -0.0127895 0.999766 6.32559
0.999615 -0.0272764 -0.00498337 175.469 0.0273819 0.999372 0.0224869 -72.0037 0.00436688 -0.0226147 0.999735 6.34173
0.999475 -0.0322008 0.00369626 176.324 0.0320806 0.999066 0.0289542 -71.9617 -0.00462516 -0.0288204 0.999574 6.35776
0.999344 -0.036155 0.00209336 177.169 0.0360802 0.998937 0.0286847 -71.9249 -0.00312823 -0.0285904 0.999586 6.36398
0.999245 -0.0379204 -0.00841426 178.005 0.0381547 0.998831 0.029688 -71.8839 0.00727864 -0.0299867 0.999524 6.36734
0.999006 -0.0403772 -0.0188945 178.843 0.0411055 0.998358 0.0398925 -71.8299 0.0172527 -0.0406295 0.999025 6.37508
0.998852 -0.0422921 -0.0224867 179.689 0.0431694 0.998264 0.0400737 -71.7856 0.0207529 -0.0409984 0.998944 6.38777
0.9988 -0.045194 -0.0188482 180.546 0.045815 0.998374 0.033928 -71.7544 0.0172842 -0.0347508 0.999247 6.40669
0.998907 -0.0457055 -0.00983106 181.407 0.0460166 0.998357 0.0341632 -71.7123 0.00825346 -0.0345782 0.999368 6.42461
0.99896 -0.0454482 -0.0035737 182.27 0.0455479 0.998308 0.0361607 -71.6634 0.00192421 -0.0362859 0.99934 6.44433
0.998879 -0.0470787 -0.00484312 183.126 0.0472196 0.998273 0.0349471 -71.6208 0.00318948 -0.0351367 0.999377 6.46239
0.998722 -0.0490311 -0.0122952 183.973 0.0494247 0.998197 0.034057 -71.5769 0.0106031 -0.0346211 0.999344 6.47924
0.998414 -0.051225 -0.0233394 184.818 0.0517788 0.998376 0.0237725 -71.5457 0.0220837 -0.0249432 0.999445 6.49515
0.998159 -0.053732 -0.0281279 185.666 0.0540921 0.998462 0.0121992 -71.5171 0.0274291 -0.0136982 0.99953 6.51633
0.998208 -0.0548916 -0.0238072 186.526 0.0552283 0.99838 0.0137186 -71.4686 0.0230156 -0.0150089 0.999623 6.54189
0.998319 -0.0560717 -0.0146805 187.387 0.0563474 0.998229 0.0190875 -71.412 0.0135842 -0.0198827 0.99971 6.57259
0.99829 -0.057757 -0.00904869 188.237 0.0579422 0.998083 0.0217457 -71.357 0.00777537 -0.0222328 0.999723 6.59837
0.998192 -0.0587384 -0.0127386 189.076 0.0589805 0.998068 0.0195343 -71.3104 0.0115666 -0.0202503 0.999728 6.61687
0.998087 -0.0587867 -0.0191461 189.911 0.0591619 0.998055 0.0196552 -71.2644 0.0179534 -0.0207503 0.999624 6.63349
0.998038 -0.0588732 -0.0213114 190.749 0.0594253 0.997887 0.0262709 -71.2031 0.0197197 -0.0274858 0.999428 6.65262
0.998091 -0.0592915 -0.0172792 191.59 0.0597846 0.997774 0.0295651 -71.1466 0.0154877 -0.0305417 0.999413 6.67593
0.998087 -0.0601074 -0.0144629 192.427 0.0605598 0.997613 0.0331868 -71.091 0.0124336 -0.0339991 0.999345 6.69981
0.998103 -0.0604428 -0.0117006 193.263 0.0608314 0.997487 0.0363351 -71.0347 0.00947496 -0.0369779 0.999271 6.71792
0.99807 -0.0609199 -0.0120548 194.094 0.0613594 0.997304 0.0402616 -70.9736 0.00956955 -0.0409236 0.999116 6.73535
0.998008 -0.0614901 -0.0141369 194.918 0.0619948 0.997331 0.0385763 -70.9171 0.0117271 -0.0393758 0.999156 6.7533
0.997852 -0.062342 -0.0201272 195.731 0.0631146 0.99719 0.0403545 -70.8581 0.0175548 -0.0415382 0.998983 6.76777
0.997752 -0.0635347 -0.0213242 196.543 0.064377 0.997064 0.0414564 -70.797 0.0186276 -0.0427359 0.998913 6.78051
0.997915 -0.0607082 -0.0219267 197.254 0.0615789 0.997239 0.0414978 -70.7532 0.0193469 -0.0427615 0.998898 6.79118
0.998081 -0.0576854 -0.0225215 197.96 0.0585836 0.99742 0.0414951 -70.7103 0.0200697 -0.0427349 0.998885 6.80176
0.998237 -0.0546613 -0.0231164 198.666 0.0555869 0.997591 0.0414961 -70.6673 0.0207925 -0.042708 0.998871 6.81234
0.998384 -0.0516373 -0.0237112 199.373 0.0525903 0.997754 0.0415009 -70.6244 0.0215149 -0.0426808 0.998857 6.82291
0.998522 -0.048613 -0.0243058 200.079 0.0495935 0.997907 0.0415094 -70.5814 0.022237 -0.0426534 0.998843 6.83349
