0.999993 -0.00330822 -0.00151741 0.685235 0.0033042 0.999991 -0.00264867 -0.000442673 0.00152616 0.00264363 0.999995 0.0104332
0.999969 -0.00724417 -0.00295563 1.38632 0.00723949 0.999973 -0.00159077 0.0106054 0.00296707 0.00156933 0.999994 0.0157809
0.999926 -0.011363 -0.00433254 2.10698 0.0113581 0.999935 -0.00116461 0.0179022 0.0043455 0.00111532 0.99999 0.0187945
0.999858 -0.0160961 -0.00496075 2.84907 0.0160983 0.99987 0.000407696 0.0414607 0.00495354 -0.000487498 0.999988 0.0213839
0.999776 -0.0205745 -0.00506352 3.59348 0.0205721 0.999788 -0.000519742 0.0587491 0.00507314 0.000415458 0.999987 0.0293052
0.999662 -0.0253063 -0.00594271 4.34862 0.0253101 0.99968 0.000564028 0.0881957 0.00592653 -0.000714248 0.999982 0.0415274
0.999528 -0.03003 -0.00654829 5.12898 0.0300547 0.999541 0.00370938 0.12149 0.00643389 -0.00390444 0.999972 0.0536688
0.999388 -0.0345141 -0.00565654 5.92649 0.0345472 0.999386 0.00586034 0.154184 0.0054508 -0.00605217 0.999967 0.0558044
0.999239 -0.0388889 -0.00302809 6.73213 0.0389066 0.999225 0.00602449 0.192921 0.00279146 -0.00613772 0.999977 0.0664431
0.999092 -0.0425955 -0.00068921 7.54374 0.0425982 0.999082 0.00444285 0.226108 0.000499332 -0.00446817 0.99999 0.0742784
0.998977 -0.0452234 -0.000666287 8.35639 0.045226 0.998966 0.00468992 0.271473 0.000453504 -0.00471525 0.999989 0.0833461
0.99888 -0.0472956 -0.00129489 9.17979 0.0473009 0.998871 0.00438821 0.315681 0.00108589 -0.00444455 0.99999 0.083037
0.99879 -0.0491567 -0.00135092 10.0078 0.04916 0.998788 0.00256702 0.353499 0.0012231 -0.00263033 0.999996 0.0960968
0.998684 -0.0512784 -0.000681639 10.8548 0.05128 0.998681 0.00259379 0.400121 0.000547734 -0.00262533 0.999996 0.0986077
0.998623 -0.0524525 -0.000670551 11.7157 0.0524525 0.998623 -3.26776e-05 0.445025 0.000671341 -2.53942e-06 1 0.105596
0.998526 -0.0542151 -0.00246722 12.5794 0.0542163 0.998529 0.000407056 0.50151 0.00244153 -0.00054022 0.999997 0.110946
0.998442 -0.0555585 -0.00519743 13.45 0.0555682 0.998453 0.00173963 0.559265 0.00509274 -0.00202573 0.999985 0.121221
0.998333 -0.0573129 -0.00674697 14.3287 0.0573535 0.998336 0.00598918 0.619098 0.00639249 -0.00636617 0.999959 0.132004
0.998264 -0.0585035 -0.00680806 15.208 0.0585566 0.998253 0.00788053 0.673211 0.00633512 -0.0082655 0.999946 0.136021
0.998191 -0.0598952 -0.00527415 16.1246 0.0599359 0.998171 0.00792786 0.729408 0.00478966 -0.00822963 0.999955 0.143721
0.998111 -0.0613115 -0.00396604 17.018 0.0613415 0.998085 0.00796457 0.789854 0.00347013 -0.00819281 0.99996 0.157724
0.998045 -0.0624044 -0.00349744 17.928 0.0624295 0.99802 0.00760478 0.849008 0.00301595 -0.00780825 0.999965 0.171403
0.99795 -0.0638586 -0.00417605 18.8375 0.063885 0.997936 0.00652313 0.917647 0.00375088 -0.00677655 0.99997 0.175859
0.997884 -0.0648443 -0.00467466 19.7533 0.0648725 0.997874 0.00616872 0.978701 0.00426472 -0.00645892 0.99997 0.187311
0.997842 -0.0655884 -0.00308781 20.6761 0.0656095 0.997819 0.00730668 1.03294 0.00260184 -0.0074935 0.999969 0.197176
0.997835 -0.065763 0.000183743 21.6035 0.0657582 0.99779 0.00951278 1.10492 -0.000808926 -0.0094801 0.999955 0.20514
0.997873 -0.0650805 0.00371298 22.5437 0.0650407 0.997833 0.00999857 1.16921 -0.00435565 -0.00973581 0.999943 0.208024
0.997954 -0.0635657 0.00685364 23.4771 0.0634995 0.997937 0.00947936 1.23186 -0.00744206 -0.00902476 0.999932 0.207551
0.99805 -0.0619181 0.00793151 24.4291 0.061872 0.998066 0.00593516 1.29804 -0.00828367 -0.00543285 0.999951 0.205626
0.998161 -0.0603544 0.00558057 25.368 0.0603315 0.99817 0.00417325 1.36152 -0.00582223 -0.00382889 0.999976 0.203592
0.998239 -0.0592943 0.00146854 26.3299 0.059288 0.998233 0.00406796 1.42823 -0.00170716 -0.00397373 0.999991 0.210587
0.998319 -0.057936 -0.00169521 27.2837 0.0579444 0.998305 0.00541679 1.48699 0.00137851 -0.00550591 0.999984 0.215158
0.998362 -0.057194 -0.00116156 28.2616 0.0572014 0.998332 0.00786498 1.5438 0.000709796 -0.00791854 0.999968 0.231539
0.99837 -0.0569893 0.00307183 29.234 0.0569623 0.998342 0.0082658 1.60461 -0.00353779 -0.00807735 0.999961 0.234676
0.998301 -0.0578225 0.0071742 30.2184 0.0578027 0.998324 0.00294471 1.66288 -0.00733244 -0.00252502 0.99997 0.232075
0.998239 -0.0588329 0.00760964 31.1917 0.0588944 0.998231 -0.00813757 1.70741 -0.00711742 0.0085714 0.999938 0.231208
0.998166 -0.060355 0.00470795 32.1735 0.0604059 0.998107 -0.0115466 1.76258 -0.00400215 0.0118098 0.999922 0.23653
0.998082 -0.0618894 0.00129472 33.1542 0.0619 0.99802 -0.0111755 1.82708 -0.000600508 0.0112342 0.999937 0.247693
0.997967 -0.0637378 -7.11467e-05 34.1428 0.0637356 0.99794 -0.00733228 1.89752 0.000538343 0.00731283 0.999973 0.247419
0.997917 -0.0645102 0.000894813 35.1418 0.0645142 0.9979 -0.0057201 1.95999 -0.000523929 0.00576591 0.999983 0.261989
0.99782 -0.0659118 0.0033919 36.1483 0.0659231 0.997819 -0.00334145 2.03626 -0.00316426 0.00355777 0.999989 0.265682
0.99775 -0.0668697 0.00493731 37.1412 0.066875 0.997761 -0.000904702 2.11258 -0.00486576 0.00123285 0.999987 0.274329
0.997673 -0.0677968 0.00716133 38.1447 0.0678035 0.997698 -0.000702932 2.18993 -0.00709719 0.00118686 0.999974 0.270297
0.997639 -0.0679142 0.0101903 39.1496 0.0679144 0.997691 0.000329281 2.25093 -0.0101892 0.000363566 0.999948 0.283413
0.997562 -0.0686331 0.0126354 40.155 0.068603 0.99764 0.00279924 2.33878 -0.0127977 -0.00192559 0.999916 0.27733
0.99757 -0.0685347 0.012517 41.149 0.068495 0.997645 0.00357526 2.40785 -0.0127325 -0.00270922 0.999915 0.271799
0.997584 -0.0685014 0.011531 42.1354 0.0684847 0.997651 0.00183775 2.4777 -0.0116298 -0.00104362 0.999932 0.270425
0.997622 -0.068308 0.00919337 43.1312 0.068271 0.997658 0.00428252 2.5543 -0.00946437 -0.00364469 0.999949 0.272932
0.997548 -0.0694464 0.00865011 44.1273 0.0693894 0.997567 0.00672523 2.62932 -0.00909611 -0.00610852 0.99994 0.276222
0.997449 -0.0706835 0.00994484 45.1264 0.0706516 0.997495 0.00352032 2.69946 -0.0101688 -0.00280872 0.999944 0.271326
0.997383 -0.0714736 0.0109246 46.1116 0.0714329 0.997437 0.00407346 2.77166 -0.0111878 -0.00328242 0.999932 0.267064
0.997382 -0.0717417 0.00905095 47.0954 0.0717145 0.99742 0.00330264 2.84596 -0.00926453 -0.00264491 0.999954 0.280763
0.997356 -0.0725355 0.00441535 48.0653 0.0725108 0.997352 0.00550737 2.92558 -0.00480314 -0.00517265 0.999975 0.276292
0.997338 -0.0728718 0.00273428 49.0399 0.0728516 0.997319 0.00686598 3.00469 -0.00322729 -0.00664851 0.999973 0.286488
0.997296 -0.0733174 0.00507741 50.0174 0.0732764 0.997281 0.00783994 3.07843 -0.0056384 -0.00744668 0.999956 0.280318
0.997266 -0.0733575 0.00894201 50.9887 0.0733206 0.997299 0.00438736 3.15169 -0.0092397 -0.00371973 0.99995 0.291296
0.997235 -0.0736487 0.00986718 51.9489 0.0736174 0.99728 0.00350164 3.22299 -0.0100982 -0.00276557 0.999945 0.290398
0.99723 -0.0737624 0.00953338 52.9142 0.0737675 0.997275 -0.00017589 3.29411 -0.00949443 0.000878656 0.999955 0.295801
0.997207 -0.0741825 0.00863102 53.8806 0.0742116 0.997238 -0.00310906 3.36138 -0.00837654 0.00374089 0.999958 0.305698
0.997133 -0.0750816 0.00940679 54.8329 0.075118 0.997168 -0.00357478 3.43825 -0.00911175 0.00427115 0.999949 0.303573
0.997036 -0.0758397 0.0129451 55.7867 0.075907 0.997103 -0.00478536 3.50833 -0.0125447 0.0057538 0.999905 0.300327
0.996878 -0.0767669 0.0184563 56.76 0.0769244 0.997005 -0.00797717 3.57275 -0.0177887 0.009372 0.999798 0.305967
0.99677 -0.0774889 0.0211048 57.7095 0.0776603 0.996952 -0.00742584 3.65167 -0.020465 0.00904086 0.99975 0.295215
0.996727 -0.0786627 0.0186201 58.6479 0.0788268 0.996854 -0.00824798 3.7361 -0.0179127 0.00968875 0.999793 0.292711
0.996713 -0.0801342 0.0118706 59.5758 0.0802225 0.996751 -0.00715191 3.81578 -0.011259 0.0080807 0.999904 0.292413
0.996701 -0.0809251 0.00621919 60.496 0.0809529 0.996708 -0.00435656 3.88995 -0.00584616 0.00484565 0.999971 0.298589
0.996624 -0.081908 0.00564331 61.4106 0.0818973 0.996639 0.002104 3.98339 -0.00579667 -0.00163472 0.999982 0.291103
0.996548 -0.0826762 0.00759406 62.3131 0.0826357 0.996565 0.00550156 4.06749 -0.00802282 -0.00485502 0.999956 0.297558
0.996445 -0.0837581 0.00909771 63.2006 0.0837081 0.996474 0.00574097 4.15042 -0.00954648 -0.00495901 0.999942 0.301662
0.996346 -0.0849111 0.00917722 64.0725 0.0848532 0.996372 0.00652412 4.23056 -0.0096979 -0.00572156 0.999937 0.306386
0.996212 -0.0864211 0.00968347 64.9224 0.0863431 0.996232 0.00820237 4.31042 -0.0103558 -0.00733519 0.999919 0.30774
0.99609 -0.0877442 0.0103011 65.7692 0.0876605 0.996116 0.00830913 4.39072 -0.0109902 -0.00737363 0.999912 0.312986
0.995955 -0.0892078 0.0107332 66.5969 0.0891167 0.995983 0.00868174 4.46963 -0.0114646 -0.00769012 0.999905 0.317552
0.99584 -0.0903759 0.0116387 67.408 0.0902703 0.995874 0.00930038 4.54673 -0.0124312 -0.00821106 0.999889 0.320775
0.995682 -0.091777 0.0139095 68.2156 0.091608 0.995719 0.0123318 4.6257 -0.0149817 -0.0110043 0.999827 0.324108
0.995513 -0.0930096 0.0174208 69.0095 0.0927644 0.995584 0.0143921 4.7026 -0.0186825 -0.0127115 0.999745 0.315098
0.995308 -0.094747 0.0196333 69.7913 0.0944629 0.995416 0.0149266 4.78444 -0.0209575 -0.013002 0.999696 0.311898
0.995221 -0.0961673 0.0169138 70.5416 0.0959236 0.995281 0.0146741 4.86668 -0.0182451 -0.0129816 0.999749 0.325145
0.995206 -0.0973 0.00986642 71.2657 0.0971502 0.995162 0.0146664 4.94324 -0.0112457 -0.0136375 0.999844 0.323613
0.995127 -0.098523 0.00382023 71.9796 0.0984588 0.995037 0.0143843 5.01804 -0.00521845 -0.0139381 0.999889 0.327038
0.995092 -0.0989372 0.00185592 72.671 0.0988891 0.994941 0.0177276 5.08946 -0.00360045 -0.0174571 0.999841 0.32551
0.995004 -0.0997419 0.00440473 73.3599 0.0996279 0.9948 0.0211418 5.1683 -0.00649055 -0.0205973 0.999767 0.329741
0.99486 -0.101026 0.00686645 74.0124 0.100875 0.994704 0.0196854 5.24451 -0.00881883 -0.0188916 0.999783 0.333188
0.994788 -0.101853 0.00478975 74.6502 0.101766 0.994681 0.0159415 5.30483 -0.00638797 -0.015371 0.999861 0.342479
0.99481 -0.101746 0.000627931 75.2638 0.101736 0.99477 0.00910601 5.35805 -0.00155114 -0.00899487 0.999958 0.35354
0.994905 -0.100756 -0.00353418 75.8577 0.100773 0.994897 0.00503262 5.41737 0.00300908 -0.00536313 0.999981 0.364232
0.995195 -0.0978155 -0.00433986 76.4429 0.097846 0.995173 0.00748067 5.48295 0.00358719 -0.00786936 0.999963 0.373428
0.995588 -0.0938017 -0.00248109 77.0144 0.0938254 0.995511 0.0124418 5.55043 0.00130289 -0.0126197 0.99992 0.372311
0.996016 -0.0891735 0.000590206 77.5698 0.0891606 0.995949 0.0116401 5.59681 -0.00162581 -0.0115411 0.999932 0.376106
0.996484 -0.0836248 0.00514885 78.1071 0.0835777 0.996463 0.00877198 5.6374 -0.0058642 -0.00831081 0.999948 0.38164
0.997085 -0.075745 0.0091729 78.63 0.075708 0.997121 0.00432476 5.66962 -0.00947407 -0.00361769 0.999949 0.393984
0.997807 -0.0654759 0.00971389 79.148 0.0654147 0.997837 0.00649025 5.70643 -0.0101178 -0.00584059 0.999932 0.409856
0.998655 -0.0509851 0.00939885 79.6477 0.0508793 0.998642 0.0111723 5.73465 -0.00995571 -0.010679 0.999893 0.414683
0.999401 -0.0331332 0.0100135 80.1317 0.0329693 0.999327 0.0161108 5.75284 -0.0105405 -0.015771 0.99982 0.410298
0.999872 -0.0116819 0.0109207 80.6009 0.0115161 0.999819 0.0151297 5.74467 -0.0110955 -0.015002 0.999826 0.403424
0.999821 0.0142102 0.0125016 81.054 -0.0143661 0.999819 0.0124752 5.72476 -0.0123221 -0.0126526 0.999844 0.408147
0.998948 0.0434332 0.0147176 81.499 -0.0436018 0.998985 0.0113321 5.68678 -0.0142105 -0.0119619 0.999827 0.419413
0.996962 0.0760147 0.0169655 81.9354 -0.0762056 0.997033 0.0109011 5.64213 -0.0160865 -0.0121608 0.999797 0.423485
0.993415 0.113166 0.017879 82.3564 -0.113368 0.993496 0.0106915 5.58758 -0.0165528 -0.012648 0.999783 0.424096
0.987831 0.154363 0.0190307 82.7712 -0.154582 0.987923 0.0106136 5.51313 -0.0171625 -0.0134263 0.999763 0.421391
0.979773 0.199159 0.0194901 83.1775 -0.19939 0.979862 0.0106724 5.4222 -0.0169721 -0.0143426 0.999753 0.419738
0.968598 0.247924 0.0187742 83.5621 -0.248174 0.968637 0.01235 5.32225 -0.0151235 -0.0166214 0.999747 0.419624
0.953725 0.300176 0.0174035 83.9377 -0.300413 0.95372 0.0130276 5.19471 -0.0126876 -0.0176529 0.999764 0.419861
0.934665 0.355145 0.0165078 84.3022 -0.355364 0.934637 0.0130225 5.03955 -0.010804 -0.0180379 0.999779 0.418897
0.911225 0.411602 0.0158863 84.6446 -0.411811 0.911171 0.0133835 4.86393 -0.00896649 -0.0187376 0.999784 0.41951
0.883165 0.468824 0.0149628 84.972 -0.469014 0.883082 0.0138367 4.66706 -0.00672637 -0.0192378 0.999792 0.407225
0.850851 0.52524 0.0132617 85.2855 -0.525386 0.850774 0.0123584 4.43775 -0.00479162 -0.0174826 0.999836 0.414251
0.815107 0.57916 0.013156 85.5805 -0.579296 0.815033 0.0116836 4.19156 -0.0039559 -0.0171447 0.999845 0.420079
0.776188 0.630334 0.0145083 85.8606 -0.630484 0.776134 0.0103512 3.93143 -0.00473572 -0.0171817 0.999841 0.434842
0.73459 0.678293 0.0172345 86.1271 -0.678482 0.734557 0.00938731 3.658 -0.00629235 -0.0185891 0.999807 0.434914
0.690434 0.723182 0.0175518 86.3848 -0.723368 0.690414 0.00814918 3.36663 -0.00622465 -0.0183229 0.999813 0.428198
0.644715 0.764277 0.0149266 86.6071 -0.764409 0.644698 0.00653378 3.0509 -0.00462952 -0.0156224 0.999867 0.42102
0.59868 0.800907 0.0114439 86.8157 -0.800978 0.598684 0.00340211 2.72178 -0.00412648 -0.0112031 0.999929 0.43355
0.552587 0.833357 0.0127974 87.0078 -0.833447 0.552585 0.00399401 2.40055 -0.0037432 -0.0128729 0.99991 0.453605
0.505959 0.862418 0.0155006 87.192 -0.862555 0.505922 0.00648982 2.06648 -0.00224518 -0.0166537 0.999859 0.459263
0.460643 0.887445 0.015779 87.363 -0.887585 0.460567 0.00835325 1.72541 0.000145769 -0.0178531 0.999841 0.455154
0.418121 0.90834 0.00963372 87.5082 -0.908388 0.41807 0.00692038 1.37002 0.0022585 -0.0116447 0.99993 0.424588
0.377852 0.925865 -0.00105503 87.6231 -0.925866 0.377852 -0.000208714 0.999568 0.000205403 0.00105568 0.999999 0.431411
0.341822 0.939752 -0.00492856 87.7458 -0.939758 0.341795 -0.0055711 0.639409 -0.00355089 0.00653598 0.999972 0.457174
0.308057 0.951363 -0.00323263 87.8583 -0.951365 0.308046 -0.0034457 0.283723 -0.00228231 0.00413688 0.999989 0.490134
0.276805 0.960912 0.00514823 87.9818 -0.960924 0.276788 0.00379329 -0.0934105 0.00222005 -0.00599706 0.99998 0.503793
0.248052 0.968699 0.00964367 88.0871 -0.968726 0.24797 0.00894397 -0.474256 0.00627267 -0.0115606 0.999914 0.493163
0.222158 0.974975 0.00835339 88.1765 -0.974973 0.222066 0.0107078 -0.868414 0.00858485 -0.0105232 0.999908 0.48835
0.198288 0.980143 0.00125913 88.2472 -0.980081 0.198261 0.011608 -1.27231 0.0111279 -0.00353578 0.999932 0.480614
0.177354 0.984121 -0.00711138 88.3058 -0.983992 0.17745 0.0164513 -1.68597 0.017452 0.00407984 0.999839 0.492271
0.157714 0.98744 -0.00942673 88.3637 -0.98719 0.157893 0.0229429 -2.1113 0.0241431 0.00568757 0.999692 0.492519
0.139677 0.990181 -0.00556531 88.4364 -0.989867 0.139774 0.0250295 -2.55262 0.0255616 0.00201286 0.999671 0.507982
0.124103 0.992268 -0.00180942 88.4975 -0.992046 0.124114 0.0209708 -3.00831 0.0210332 -0.000807525 0.999778 0.512921
0.109693 0.993965 -0.0013186 88.5422 -0.993809 0.109699 0.0175858 -3.47573 0.0176243 -0.000618613 0.999844 0.524881
0.0965983 0.99532 -0.00269464 88.5892 -0.995204 0.0966282 0.0152551 -3.95876 0.0154441 0.00120809 0.99988 0.534099
0.0849345 0.996363 -0.00684684 88.6168 -0.99628 0.085024 0.0140554 -4.45565 0.0145865 0.00562757 0.999878 0.54594
0.0746856 0.997156 -0.010126 88.6487 -0.997093 0.0748268 0.0143597 -4.97257 0.0150765 0.00902412 0.999846 0.556643
0.0668865 0.997689 -0.011959 88.6841 -0.997639 0.0670608 0.0148164 -5.50475 0.0155841 0.0109398 0.999819 0.56858
0.0610339 0.998045 -0.0134619 88.7177 -0.99801 0.0612344 0.0150213 -6.04747 0.0158163 0.0125183 0.999797 0.577247
0.0554427 0.998354 -0.0147019 88.7498 -0.998321 0.0556758 0.015954 -6.60847 0.0167463 0.0137927 0.999765 0.589906
0.0493911 0.998666 -0.0150741 88.7744 -0.998632 0.0496372 0.016414 -7.19159 0.0171403 0.0142428 0.999752 0.598208
0.0448264 0.998854 -0.0167521 88.8014 -0.998842 0.0451066 0.0167397 -7.80254 0.0174761 0.0159823 0.99972 0.608291
0.0420228 0.998951 -0.0182155 88.8274 -0.99897 0.0423223 0.0163775 -8.4261 0.0171313 0.0175085 0.9997 0.622093
0.0390156 0.999067 -0.0185378 88.8531 -0.999099 0.0393134 0.0159795 -9.0638 0.0166934 0.0178976 0.9997 0.635116
0.0368068 0.999145 -0.0188457 88.8689 -0.999186 0.0371064 0.0157994 -9.71028 0.0164852 0.0182488 0.999698 0.641076
0.0356447 0.999102 -0.0228856 88.8949 -0.999237 0.0359959 0.0151242 -10.4009 0.0159344 0.0223291 0.999624 0.657087
0.0365664 0.998976 -0.0266579 88.9127 -0.999211 0.036962 0.0144996 -11.101 0.01547 0.0261067 0.999539 0.668864
0.0394024 0.998825 -0.0282087 88.9314 -0.999103 0.0398197 0.0143882 -11.8127 0.0154946 0.0276165 0.999498 0.687882
0.0429358 0.998624 -0.0301096 88.9611 -0.998954 0.043385 0.0144253 -12.5288 0.0157117 0.0294588 0.999443 0.696458
0.0471616 0.998425 -0.0303947 89.0012 -0.998765 0.0476106 0.0142217 -13.2779 0.0156464 0.0296865 0.999437 0.711812
0.0510611 0.998246 -0.0299615 89.0343 -0.998596 0.051456 0.01256 -14.038 0.0140797 0.0292781 0.999472 0.724345
0.0552646 0.998037 -0.0294482 89.0889 -0.998394 0.0556043 0.0108433 -14.8208 0.0124595 0.0288016 0.999507 0.740558
0.059648 0.99786 -0.0268018 89.149 -0.998158 0.0599199 0.0094608 -15.6134 0.0110465 0.0261881 0.999596 0.749914
0.0635818 0.997666 -0.0248971 89.1956 -0.997928 0.0638055 0.00829257 -16.4082 0.00986179 0.0243183 0.999656 0.761833
0.067691 0.997437 -0.0231672 89.2474 -0.997652 0.067911 0.00884376 -17.2086 0.0103944 0.0225141 0.999692 0.777588
0.071031 0.997208 -0.023053 89.3101 -0.997372 0.0713349 0.0126361 -18.0161 0.0142453 0.0220949 0.999654 0.801938
0.0724354 0.997159 -0.0206607 89.3859 -0.997193 0.0728003 0.0174901 -18.8281 0.0189445 0.0193358 0.999634 0.815525
0.072441 0.997237 -0.016429 89.4585 -0.997135 0.0727735 0.0206315 -19.6389 0.0217701 0.0148873 0.999652 0.835742
0.0728815 0.997251 -0.0133968 89.5331 -0.99711 0.0731469 0.0205185 -20.4704 0.021442 0.0118626 0.9997 0.853734
0.0732406 0.997261 -0.0103383 89.6009 -0.997119 0.0734273 0.0190039 -21.2937 0.019711 0.00891665 0.999766 0.879894
0.072961 0.997276 -0.0108644 89.6653 -0.997169 0.0731431 0.0174343 -22.1118 0.0181814 0.00956167 0.999789 0.902292
0.0731533 0.997285 -0.00845025 89.7319 -0.997167 0.073288 0.0169061 -22.93 0.0174795 0.00718958 0.999821 0.926604
0.0734165 0.997279 -0.00672339 89.7998 -0.997148 0.0735217 0.0170207 -23.753 0.0174687 0.00545462 0.999833 0.949434
0.0733541 0.997292 -0.00523757 89.863 -0.997148 0.0734348 0.0173919 -24.5788 0.0177294 0.00394687 0.999835 0.975144
0.0724353 0.997371 -0.00212012 89.936 -0.997194 0.0724623 0.0187971 -25.3904 0.0189013 0.000752604 0.999821 1.00214
0.0701361 0.997537 0.00112261 90.0051 -0.997365 0.0701031 0.0186529 -26.2069 0.0185282 -0.00242789 0.999825 1.02838
0.0663329 0.997786 0.00488746 90.0735 -0.997651 0.0662383 0.0174699 -27.0132 0.0171075 -0.00603481 0.999835 1.04609
0.0613793 0.998091 0.00688288 90.1297 -0.998009 0.0612711 0.0149515 -27.8313 0.0145012 -0.00778689 0.999865 1.07215
0.0552949 0.998418 0.0101826 90.1933 -0.998389 0.0551575 0.013319 -28.6481 0.0127363 -0.0109027 0.999859 1.09218
0.0477387 0.998805 0.0105126 90.2395 -0.998784 0.0476029 0.0128111 -29.4653 0.0122954 -0.0111114 0.999863 1.11671
0.0388446 0.999189 0.0105757 90.2796 -0.999158 0.0386993 0.0136186 -30.2826 0.0131983 -0.0110958 0.999851 1.13654
0.0289655 0.999528 0.0101895 90.3037 -0.999493 0.0288267 0.0135261 -31.0885 0.013226 -0.0105761 0.999857 1.15623
0.0189455 0.999753 0.0116148 90.3163 -0.999739 0.0187939 0.0130255 -31.8862 0.012804 -0.0118585 0.999848 1.17489
0.00809485 0.999891 0.0123165 90.3304 -0.999901 0.00795197 0.0116061 -32.6896 0.0115069 -0.0124092 0.999857 1.19761
-0.00335658 0.999923 0.0119362 90.3316 -0.999938 -0.00348234 0.010532 -33.4719 0.0105728 -0.0119002 0.999873 1.21366
-0.0143229 0.999834 0.0112683 90.3262 -0.999836 -0.0144458 0.0109024 -34.273 0.0110634 -0.0111103 0.999877 1.23916
-0.0252047 0.999623 0.0108821 90.3085 -0.999618 -0.0253253 0.0110913 -35.0529 0.0113627 -0.0105984 0.999879 1.2589
-0.0360414 0.999291 0.0109284 90.2848 -0.999273 -0.0361725 0.0120505 -35.826 0.0124372 -0.0104861 0.999868 1.27568
-0.0462241 0.998883 0.00979551 90.2488 -0.998841 -0.0463493 0.0129647 -36.607 0.0134043 -0.00918488 0.999868 1.29345
-0.0559261 0.998393 0.00912061 90.2144 -0.998345 -0.0560415 0.0129247 -37.3573 0.013415 -0.00838268 0.999875 1.31164
-0.065279 0.997837 0.00771129 90.168 -0.997773 -0.0653768 0.0131945 -38.1124 0.0136701 -0.00683279 0.999883 1.33423
-0.0746762 0.997176 0.00801688 90.115 -0.997108 -0.0747801 0.0135501 -38.8671 0.0141113 -0.00698183 0.999876 1.35292
-0.0834678 0.996484 0.00722019 90.0517 -0.996421 -0.0835555 0.0128318 -39.6083 0.01339 -0.0061233 0.999892 1.37378
-0.0906503 0.995858 0.00699449 89.9817 -0.995806 -0.0907285 0.0118067 -40.3534 0.0123924 -0.00589487 0.999906 1.39488
-0.0959923 0.995366 0.00575295 89.9177 -0.995324 -0.0960475 0.0102351 -41.072 0.0107402 -0.00474356 0.999931 1.41289
-0.0999346 0.994989 0.00303149 89.8392 -0.994957 -0.0999568 0.00835555 -41.7988 0.0086167 -0.0021812 0.99996 1.43009
-0.102734 0.994708 0.00105731 89.7692 -0.994682 -0.102739 0.00724641 -42.507 0.0073167 -0.000307233 0.999973 1.4438
-0.10456 0.994518 -0.000475568 89.6939 -0.994499 -0.104555 0.00627885 -43.1961 0.00619471 0.00112947 0.99998 1.4593
-0.105173 0.994454 -0.000420831 89.626 -0.994431 -0.105167 0.00685531 -43.8758 0.00677303 0.00113948 0.999976 1.47343
-0.104319 0.994543 -0.00136156 89.5523 -0.994514 -0.104306 0.00783924 -44.5372 0.00765444 0.00217187 0.999968 1.48835
-0.10141 0.99484 -0.00295016 89.4911 -0.994807 -0.101379 0.00906651 -45.1784 0.00872064 0.00385427 0.999955 1.50238
-0.0963382 0.995343 -0.00320555 89.4299 -0.995302 -0.0963022 0.0099693 -45.8046 0.00961418 0.00415092 0.999945 1.51513
-0.0885956 0.996067 -0.00119546 89.3745 -0.996015 -0.0885786 0.0103498 -46.421 0.0102032 0.00210765 0.999946 1.52957
-0.0775992 0.996984 0.000591474 89.3306 -0.996929 -0.0776011 0.0104946 -47.0109 0.0105088 0.000224711 0.999945 1.54319
-0.0639389 0.997953 0.00138427 89.3001 -0.997892 -0.0639502 0.0110378 -47.5895 0.0111037 -0.000675605 0.999938 1.56315
-0.0466788 0.998908 0.00177757 89.2856 -0.998835 -0.046697 0.0121966 -48.1344 0.0122663 -0.00120618 0.999924 1.57747
-0.0257065 0.999667 0.00243259 89.2887 -0.999555 -0.0257404 0.0151016 -48.6782 0.0151592 -0.00204329 0.999883 1.59274
-0.00125694 0.99999 0.004355 89.3084 -0.999838 -0.00133491 0.0179585 -49.2169 0.0179641 -0.00433172 0.999829 1.61089
0.026654 0.999625 0.00631775 89.3421 -0.999448 0.0265231 0.0199761 -49.7581 0.019801 -0.00684671 0.99978 1.62818
0.0594211 0.998212 0.00640862 89.3997 -0.99804 0.059282 0.0200654 -50.291 0.0196496 -0.00758836 0.999778 1.63924
0.0970302 0.99526 0.00647273 89.472 -0.995121 0.0968959 0.0185617 -50.8278 0.0178466 -0.0082422 0.999807 1.64431
0.138747 0.990299 0.00761119 89.5765 -0.990225 0.138618 0.015439 -51.3425 0.0142342 -0.00967892 0.999852 1.65594
0.183579 0.982952 0.0101645 89.7076 -0.982955 0.183456 0.0119287 -51.8562 0.00986059 -0.0121811 0.999877 1.66791
0.231468 0.97274 0.0141017 89.8643 -0.972827 0.231358 0.00898646 -52.3601 0.00547896 -0.0157985 0.99986 1.68443
0.282324 0.959163 0.0172782 90.0504 -0.959317 0.282237 0.00733081 -52.8539 0.00215488 -0.018645 0.999824 1.69775
0.336345 0.941578 0.0174157 90.2599 -0.941738 0.336266 0.007382 -53.3241 0.00109441 -0.0188839 0.999821 1.69651
0.393824 0.919066 0.0148364 90.4882 -0.919185 0.393749 0.0077785 -53.7779 0.00130712 -0.0167008 0.99986 1.71121
0.453334 0.891271 0.0111325 90.7388 -0.891331 0.453235 0.0103237 -54.2084 0.00415557 -0.0146028 0.999885 1.72596
0.512452 0.858698 0.00553436 91.01 -0.858668 0.512345 0.0138391 -54.6043 0.00904809 -0.011844 0.999889 1.73708
0.570507 0.821278 0.00492336 91.3188 -0.821202 0.570345 0.018261 -54.9867 0.0121894 -0.0144611 0.999821 1.75321
0.626211 0.779642 0.00427621 91.6518 -0.779521 0.625995 0.0218447 -55.3322 0.0143541 -0.0170128 0.999752 1.74981
0.679057 0.734083 0.00172934 91.9957 -0.733917 0.678849 0.0230369 -55.6592 0.0157371 -0.0169126 0.999733 1.74801
0.728078 0.685494 4.32762e-05 92.3563 -0.685324 0.727897 0.0222737 -55.9636 0.015237 -0.0162466 0.999752 1.74951
0.7734 0.63391 0.00333757 92.7368 -0.633843 0.773216 0.019477 -56.2476 0.00976599 -0.017179 0.999805 1.76589
0.814678 0.579875 0.00661402 93.1393 -0.579903 0.814544 0.0152052 -56.4935 0.00342972 -0.0162228 0.999862 1.76079
0.851195 0.524711 0.0120567 93.554 -0.524837 0.85111 0.0125692 -56.7128 -0.00366635 -0.0170266 0.999848 1.77393
0.882354 0.470277 0.0170295 93.9715 -0.470475 0.882353 0.0103088 -56.9047 -0.010178 -0.017108 0.999802 1.77089
0.907864 0.418636 0.0229675 94.401 -0.418918 0.907979 0.00908227 -57.0724 -0.0170518 -0.017867 0.999695 1.78606
0.928079 0.37142 0.0267559 94.8344 -0.371796 0.928254 0.0106008 -57.2211 -0.0208989 -0.0197861 0.999586 1.79552
0.943303 0.33054 0.0303612 95.2722 -0.331095 0.943472 0.0153935 -57.3347 -0.0235568 -0.0245731 0.99942 1.78966
0.955081 0.294822 0.0299988 95.7252 -0.295468 0.955145 0.0199355 -57.4565 -0.0227758 -0.0279037 0.999351 1.78428
0.964187 0.263695 0.0284372 96.1803 -0.26435 0.964167 0.0224037 -57.554 -0.0215104 -0.0291187 0.999344 1.74693
0.969994 0.241633 0.0269148 96.6332 -0.242146 0.970077 0.0177513 -57.6653 -0.0218201 -0.0237359 0.99948 1.74306
0.973747 0.226075 0.0265847 97.1108 -0.226524 0.973886 0.0152729 -57.7648 -0.0224376 -0.020894 0.99953 1.73999
0.976593 0.21335 0.0273377 97.5999 -0.213889 0.976682 0.0185436 -57.8501 -0.022744 -0.0239567 0.999454 1.74099
0.978601 0.203797 0.0284153 98.1122 -0.204479 0.978586 0.0235962 -57.9299 -0.0229979 -0.0289016 0.999318 1.72856
0.979855 0.19767 0.0284712 98.6271 -0.198509 0.979626 0.0304538 -58.0145 -0.0218713 -0.0354921 0.999131 1.7198
0.980462 0.195 0.0258789 99.1528 -0.195859 0.979959 0.0363313 -58.1013 -0.0182756 -0.0406901 0.999005 1.71275
0.980673 0.194289 0.0230508 99.6929 -0.195061 0.980049 0.0381335 -58.1993 -0.015182 -0.0418929 0.999007 1.6989
0.980211 0.197038 0.0190409 100.234 -0.197609 0.979649 0.0352005 -58.3073 -0.0117176 -0.0382666 0.999199 1.69335
0.979446 0.201322 0.0124625 100.795 -0.201629 0.978914 0.0327485 -58.4247 -0.00560673 -0.0345882 0.999386 1.69231
0.978602 0.205577 0.00878277 101.368 -0.205761 0.977935 0.0361194 -58.5454 -0.00116365 -0.0371537 0.999309 1.68856
0.977626 0.210084 0.0106238 101.944 -0.210346 0.976738 0.0416816 -58.6468 -0.00162007 -0.0429837 0.999074 1.69294
0.976409 0.215382 0.0153684 102.558 -0.215869 0.975347 0.0458213 -58.7732 -0.00512041 -0.0480579 0.998831 1.68179
0.975297 0.220065 0.0191476 103.164 -0.220716 0.974334 0.0442393 -58.9058 -0.0089207 -0.0473726 0.998837 1.6739
0.974345 0.223743 0.024293 103.789 -0.224589 0.9736 0.0407866 -59.0553 -0.014526 -0.0451962 0.998873 1.66613
0.973429 0.227189 0.0286425 104.428 -0.228186 0.97286 0.0384022 -59.207 -0.0191406 -0.0439176 0.998852 1.6623
0.972748 0.23017 0.0279972 105.069 -0.231025 0.972405 0.0324912 -59.3586 -0.0197461 -0.0380737 0.99908 1.65348
0.972692 0.230853 0.0240178 105.708 -0.231481 0.97244 0.0278646 -59.5173 -0.0169233 -0.0326634 0.999323 1.64323
0.972863 0.230763 0.0168983 106.374 -0.231146 0.97257 0.026076 -59.6771 -0.0104174 -0.0292744 0.999517 1.64303
0.973167 0.229843 0.0109006 107.035 -0.230073 0.972702 0.0302801 -59.8303 -0.00364341 -0.0319755 0.999482 1.63643
0.973776 0.227354 0.00841628 107.72 -0.227509 0.973187 0.0338479 -59.9828 -0.000495153 -0.034875 0.999392 1.64363
0.974363 0.224639 0.0124452 108.421 -0.22495 0.973683 0.0366008 -60.1411 -0.00389569 -0.038462 0.999252 1.62918
0.974605 0.223056 0.0197625 109.14 -0.22364 0.974033 0.0352816 -60.3091 -0.0113795 -0.0388053 0.999182 1.62597
0.975129 0.22019 0.0252782 109.872 -0.220956 0.974722 0.0331082 -60.4681 -0.0173491 -0.0378702 0.999132 1.62186
0.975525 0.218493 0.0247508 110.609 -0.219256 0.975072 0.0340876 -60.6242 -0.0166859 -0.0386801 0.999112 1.62453
0.976066 0.216369 0.0218968 111.351 -0.217091 0.975369 0.039071 -60.7756 -0.0129037 -0.0428894 0.998996 1.62086
0.976928 0.212966 0.0160277 112.096 -0.213448 0.976142 0.039821 -60.9317 -0.00716483 -0.0423233 0.999078 1.61692
0.977835 0.208945 0.0134119 112.858 -0.209323 0.977013 0.0403723 -61.0946 -0.00466798 -0.0422849 0.999095 1.60987
0.97863 0.205148 0.0140508 113.642 -0.205552 0.977841 0.0396914 -61.2582 -0.00559684 -0.0417313 0.999113 1.60024
0.979321 0.201718 0.015465 114.45 -0.202153 0.978711 0.0354865 -61.4202 -0.0079775 -0.037879 0.99925 1.60265
0.979751 0.199434 0.017742 115.249 -0.199953 0.979176 0.0351186 -61.5906 -0.0103687 -0.0379551 0.999226 1.59989
0.97996 0.198264 0.0192407 116.051 -0.198798 0.979528 0.031687 -61.7569 -0.0125644 -0.034877 0.999313 1.58673
0.980067 0.19764 0.020184 116.863 -0.198161 0.979761 0.0282838 -61.9256 -0.0141855 -0.0317197 0.999396 1.58708
0.980128 0.197186 0.0216017 117.689 -0.197748 0.979853 0.0279961 -62.0835 -0.0156461 -0.0317115 0.999375 1.58199
0.98007 0.197538 0.021011 118.5 -0.198124 0.97969 0.0309104 -62.2403 -0.0144783 -0.0344571 0.999301 1.58428
0.979957 0.198294 0.0190497 119.328 -0.198877 0.979352 0.036303 -62.388 -0.0114577 -0.0393639 0.999159 1.57561
0.97981 0.198995 0.0193327 120.164 -0.199687 0.978811 0.0453203 -62.5407 -0.0099045 -0.0482658 0.998785 1.57129
0.979236 0.201571 0.0216073 120.999 -0.202452 0.977878 0.0526029 -62.6993 -0.0105261 -0.0558851 0.998382 1.56827
0.978592 0.204449 0.0236472 121.837 -0.205471 0.977114 0.0550484 -62.861 -0.0118514 -0.0587287 0.998204 1.55937
0.978039 0.20714 0.0230857 122.687 -0.208116 0.976594 0.0543314 -63.0394 -0.0112911 -0.0579427 0.998256 1.55993
0.977683 0.209069 0.0206594 123.529 -0.209881 0.976346 0.0519473 -63.21 -0.00931014 -0.055124 0.998436 1.55476
0.977378 0.210588 0.0196414 124.379 -0.211289 0.976337 0.0460833 -63.3975 -0.00947206 -0.0491908 0.998744 1.5483
0.977339 0.210925 0.0178775 125.216 -0.211485 0.976581 0.0395538 -63.593 -0.00911593 -0.0424383 0.999058 1.55305
0.977139 0.211874 0.0175627 126.06 -0.212396 0.976483 0.0370081 -63.7795 -0.0093086 -0.0398924 0.999161 1.57716
0.976757 0.213317 0.0210096 126.903 -0.214005 0.976045 0.0392214 -63.9533 -0.0121397 -0.0428059 0.99901 1.57532
0.976431 0.214108 0.0272006 127.76 -0.215118 0.975677 0.042178 -64.1324 -0.0175084 -0.0470352 0.99874 1.56589
0.976077 0.215113 0.0316168 128.604 -0.216378 0.975305 0.0442846 -64.3059 -0.0213098 -0.0500664 0.998519 1.55396
0.975937 0.216615 0.0249957 129.427 -0.217557 0.975026 0.0446553 -64.4851 -0.0146984 -0.0490187 0.99869 1.53461
0.976106 0.217096 0.00931291 130.241 -0.217296 0.975217 0.0416513 -64.6639 -3.97637e-05 -0.0426798 0.999089 1.5268
0.976187 0.216929 0.00136433 131.063 -0.216816 0.975437 0.0388957 -64.8496 0.00710677 -0.0382652 0.999242 1.56096
0.97634 0.215971 0.0107769 131.893 -0.216227 0.975612 0.0377736 -65.0335 -0.0023561 -0.0392102 0.999228 1.57195
0.97626 0.214543 0.0297833 132.754 -0.215463 0.975982 0.0321763 -65.221 -0.0221647 -0.0378297 0.999038 1.56078
0.976069 0.213136 0.0431549 133.586 -0.214324 0.976442 0.0250091 -65.4094 -0.0368079 -0.0336598 0.998755 1.54516
0.976496 0.21221 0.0377081 134.403 -0.213261 0.976638 0.0264243 -65.5816 -0.0312196 -0.0338449 0.998939 1.53359
0.977146 0.21119 0.0241876 135.213 -0.211928 0.976707 0.0336132 -65.7406 -0.0165254 -0.037971 0.999142 1.5396
0.977535 0.210145 0.016283 136.019 -0.210623 0.976839 0.0377166 -65.9142 -0.00797995 -0.0402988 0.999156 1.51058
0.97791 0.20848 0.0150748 136.833 -0.208896 0.977294 0.0354767 -66.0814 -0.00733629 -0.0378421 0.999257 1.51666
0.978459 0.205785 0.0164225 137.652 -0.206236 0.977927 0.0335407 -66.2504 -0.0091578 -0.0362051 0.999302 1.52894
0.979257 0.202041 0.0153492 138.466 -0.202441 0.978774 0.0319063 -66.413 -0.00857703 -0.0343518 0.999373 1.53263
0.980183 0.197592 0.0141208 139.282 -0.197962 0.979645 0.0332603 -66.5679 -0.00726146 -0.0353966 0.999347 1.5308
0.980856 0.19418 0.0147174 140.087 -0.194612 0.980132 0.038299 -66.7236 -0.00698809 -0.04043 0.999158 1.54059
0.981318 0.19178 0.0153322 140.898 -0.192276 0.980372 0.0435922 -66.8681 -0.00667121 -0.0457259 0.998932 1.53761
0.981573 0.19024 0.0179846 141.703 -0.190877 0.980558 0.045526 -67.0078 -0.00897404 -0.0481199 0.998801 1.53471
0.981791 0.188728 0.021636 142.512 -0.189537 0.980841 0.0450118 -67.1686 -0.0127265 -0.048293 0.998752 1.52393
0.982087 0.187172 0.0217252 143.309 -0.187967 0.981211 0.0435171 -67.3201 -0.0131718 -0.0468212 0.998816 1.52866
0.982585 0.184889 0.0184929 144.117 -0.18551 0.98179 0.0409184 -67.4662 -0.0105908 -0.0436365 0.998991 1.53278
0.983413 0.180814 0.0143133 144.916 -0.181233 0.982728 0.0374225 -67.6122 -0.00729958 -0.0393959 0.999197 1.53552
0.984572 0.174502 0.0129561 145.713 -0.174855 0.983977 0.0348558 -67.7477 -0.00666613 -0.0365835 0.999308 1.54079
0.985684 0.167736 0.0170999 146.504 -0.168257 0.985091 0.0358476 -67.8899 -0.010832 -0.0382116 0.999211 1.52594
0.986534 0.161705 0.0245339 147.302 -0.162459 0.986173 0.0327111 -68.0194 -0.0189051 -0.0362563 0.999164 1.52111
0.986981 0.157303 0.0335374 148.115 -0.158366 0.986867 0.0318387 -68.1512 -0.0280886 -0.0367354 0.99893 1.52005
0.9875 0.153134 0.0373213 148.916 -0.154414 0.987413 0.0342205 -68.2649 -0.0316112 -0.0395557 0.998717 1.51314
0.988332 0.148669 0.0331347 149.721 -0.149808 0.988094 0.0350421 -68.3753 -0.0275305 -0.039597 0.998836 1.49746
0.989532 0.142369 0.023628 150.526 -0.143128 0.989108 0.0343376 -68.4712 -0.018482 -0.03736 0.999131 1.50045
0.990598 0.135719 0.0172065 151.31 -0.136225 0.990136 0.0327671 -68.5867 -0.0125897 -0.034803 0.999315 1.48474
0.991449 0.129304 0.0175744 152.128 -0.129841 0.990954 0.0339353 -68.6921 -0.0130274 -0.035927 0.999269 1.47673
0.992381 0.121367 0.021211 152.946 -0.122143 0.991695 0.0402671 -68.7736 -0.0161478 -0.0425511 0.998964 1.47125
0.99334 0.11334 0.0207425 153.774 -0.114168 0.992469 0.0443956 -68.8534 -0.0155544 -0.046468 0.998799 1.46688
0.99449 0.103693 0.0154049 154.589 -0.104308 0.993448 0.0466933 -68.9267 -0.0104622 -0.0480429 0.998791 1.46276
0.995401 0.0950154 0.0122235 155.407 -0.0954825 0.994363 0.046109 -69.0119 -0.00777353 -0.0470641 0.998862 1.45465
0.996117 0.0869293 0.0139234 156.236 -0.0874872 0.995087 0.046345 -69.0752 -0.00982623 -0.0473832 0.998828 1.45397
0.996682 0.0788681 0.0201121 157.064 -0.0797662 0.995626 0.0486483 -69.1284 -0.0161873 -0.0500912 0.998613 1.44003
0.997175 0.0704318 0.0260928 157.906 -0.0716856 0.996137 0.0507201 -69.1738 -0.0224197 -0.0524473 0.998372 1.4353
0.997621 0.0624775 0.0291289 158.733 -0.0638984 0.996667 0.0507094 -69.2179 -0.0258637 -0.05245 0.998289 1.42136
0.99796 0.0559872 0.0306939 159.561 -0.057494 0.997061 0.0506301 -69.2657 -0.027769 -0.0522915 0.998246 1.40736
0.998227 0.0515547 0.0297508 160.377 -0.0530113 0.997319 0.0504461 -69.3065 -0.0270703 -0.0519338 0.998284 1.40091
0.998567 0.0472495 0.0251344 161.21 -0.0485526 0.997357 0.0540431 -69.3301 -0.0225145 -0.055186 0.998222 1.40346
0.998877 0.0434153 0.0189642 162.021 -0.0444738 0.997236 0.0595099 -69.3526 -0.0163282 -0.0602865 0.998048 1.39266
0.999059 0.0403762 0.0158472 162.849 -0.041276 0.997266 0.0612903 -69.3778 -0.0133292 -0.0618868 0.997994 1.37308
0.999088 0.0370307 0.0212768 163.688 -0.0383145 0.997247 0.06349 -69.3997 -0.0188671 -0.0642473 0.997756 1.37026
0.998955 0.0343125 0.0301884 164.525 -0.0362464 0.997159 0.0660364 -69.4233 -0.0278367 -0.0670616 0.99736 1.34216
0.998804 0.0306999 0.0380656 165.374 -0.0332108 0.997188 0.0671865 -69.4432 -0.0358959 -0.0683703 0.997014 1.32892
0.999043 0.026052 0.0351231 166.177 -0.0281538 0.997757 0.0607392 -69.4718 -0.0334619 -0.06167 0.997536 1.30532
0.999432 0.0214658 0.025969 166.997 -0.02272 0.99854 0.0490057 -69.4964 -0.0248792 -0.0495679 0.998461 1.30334
0.999683 0.0149454 0.0202578 167.812 -0.0158852 0.998766 0.0470539 -69.5113 -0.0195295 -0.0473608 0.998687 1.28888
0.999744 0.00765893 0.0212859 168.633 -0.00882731 0.998428 0.055349 -69.5054 -0.0208285 -0.0555227 0.99824 1.27561
0.999656 -0.000494215 0.0262302 169.477 -0.000909396 0.998569 0.0534724 -69.5021 -0.0262191 -0.0534778 0.998225 1.25035
0.999524 -0.0073612 0.0299433 170.307 0.00593453 0.998856 0.0474586 -69.5037 -0.0302584 -0.0472584 0.998424 1.24595
0.99935 -0.0134149 0.0334648 171.148 0.012114 0.999174 0.0387773 -69.5024 -0.0339574 -0.0383467 0.998687 1.21271
0.999241 -0.0191303 0.0339258 171.981 0.0180512 0.99933 0.031834 -69.4935 -0.0345121 -0.0311974 0.998917 1.20458
0.999273 -0.0253033 0.0285317 172.815 0.0246188 0.999407 0.0240938 -69.4813 -0.0291245 -0.0233739 0.999302 1.211
0.999302 -0.0321885 0.018939 173.632 0.0319086 0.99938 0.0149004 -69.452 -0.0194069 -0.0142856 0.99971 1.19134
0.999143 -0.0386963 0.0147039 174.476 0.0385059 0.999174 0.0130211 -69.4459 -0.0151957 -0.0124438 0.999807 1.17378
0.998755 -0.0454393 0.0206058 175.33 0.0450262 0.998784 0.0200832 -69.3935 -0.0214933 -0.0191303 0.999586 1.15638
0.998192 -0.0506669 0.0323212 176.169 0.049733 0.998339 0.0290731 -69.3298 -0.0337406 -0.0274131 0.999055 1.13195
0.997646 -0.0556689 0.0400527 177.028 0.0543502 0.997967 0.0332912 -69.2708 -0.0418246 -0.031036 0.998643 1.11386
0.997517 -0.0589687 0.0385138 177.865 0.0578996 0.997921 0.02831 -69.2171 -0.0401032 -0.0260098 0.998857 1.09403
0.9977 -0.0612078 0.0291353 178.709 0.0603944 0.997781 0.0280254 -69.1644 -0.030786 -0.0262013 0.999183 1.09885
0.997771 -0.063814 0.0195171 179.54 0.0630831 0.997358 0.0360133 -69.0853 -0.0217637 -0.0347018 0.999161 1.08482
0.997714 -0.0658138 0.015367 180.388 0.065185 0.997136 0.038351 -69.0248 -0.017847 -0.0372616 0.999146 1.0582
0.997509 -0.0678594 0.0192592 181.24 0.0671553 0.997125 0.0351117 -68.9685 -0.0215865 -0.0337309 0.999198 1.03672
0.997305 -0.0682174 0.0269873 182.095 0.0672637 0.997128 0.0347938 -68.9145 -0.0292833 -0.0328848 0.99903 1.01089
0.997098 -0.0686874 0.0328415 182.957 0.06747 0.997041 0.0368432 -68.8524 -0.035275 -0.0345205 0.998781 0.991386
0.99698 -0.0702266 0.033143 183.807 0.0690853 0.997017 0.0344111 -68.7844 -0.0354607 -0.0320175 0.998858 0.977947
0.997097 -0.0718246 0.0252759 184.66 0.0711318 0.997093 0.0273152 -68.7209 -0.0271644 -0.0254379 0.999307 0.963549
0.997176 -0.0736336 0.0147439 185.498 0.0733634 0.997141 0.0180965 -68.6779 -0.0160343 -0.0169638 0.999728 0.955421
0.997107 -0.0752291 0.0108468 186.35 0.0750952 0.997101 0.0122683 -68.6262 -0.0117383 -0.0114183 0.999866 0.948986
0.996961 -0.0764896 0.014746 187.208 0.0761675 0.996868 0.0212917 -68.5453 -0.0163284 -0.0201039 0.999665 0.937054
0.996697 -0.0778117 0.0232577 188.069 0.0771799 0.996653 0.0269296 -68.4755 -0.0252753 -0.0250456 0.999367 0.909798
0.996469 -0.0792763 0.02766 188.922 0.0785767 0.996581 0.0255255 -68.403 -0.029589 -0.0232619 0.999291 0.90537
0.996473 -0.0800641 0.0251192 189.761 0.0795306 0.996599 0.0215659 -68.3351 -0.0267605 -0.0194921 0.999452 0.904668
0.996619 -0.0797343 0.0198192 190.591 0.0793078 0.996619 0.0214483 -68.2602 -0.0214624 -0.0198039 0.999573 0.901671
0.996612 -0.0802222 0.0181624 191.436 0.0796199 0.996319 0.0317583 -68.1736 -0.0206433 -0.0302046 0.999331 0.87965
0.99654 -0.0805615 0.0204318 192.274 0.079794 0.996163 0.0359466 -68.0986 -0.0232493 -0.0341919 0.999145 0.866358
0.996412 -0.0814034 0.0231764 193.105 0.0804052 0.995912 0.0411617 -68.0192 -0.0264324 -0.0391505 0.998884 0.852049
0.996326 -0.0817529 0.0255312 193.939 0.0805387 0.995716 0.0454284 -67.9491 -0.0291357 -0.0432052 0.998641 0.839149
0.996286 -0.0822789 0.0253747 194.773 0.0810777 0.995682 0.0452048 -67.869 -0.0289845 -0.0429796 0.998655 0.823965
0.996331 -0.0826602 0.0221567 195.59 0.0816532 0.995731 0.0430413 -67.8014 -0.0256199 -0.0410742 0.998828 0.81972
0.996348 -0.0836669 0.0170713 196.407 0.0828499 0.995591 0.0439761 -67.7205 -0.0206754 -0.0424011 0.998887 0.815447
0.996234 -0.0849427 0.0174027 197.225 0.0840237 0.995304 0.0480666 -67.6445 -0.0214039 -0.0464233 0.998693 0.805893
0.995873 -0.0870848 0.025549 198.018 0.0857336 0.995067 0.0499193 -67.5695 -0.0297702 -0.0475228 0.998426 0.780698
0.995447 -0.0887704 0.0347148 198.82 0.0871039 0.995095 0.0468872 -67.5011 -0.0387067 -0.04365 0.998297 0.767092
0.995317 -0.089328 0.0369538 199.584 0.087987 0.995454 0.0364502 -67.4472 -0.0400418 -0.033028 0.998652 0.75064
